#! FIELDS time pos.z restraint.bias restraint.force2 restraint.work
 0.000000 10.194947 0.000128 0.002553 0.000000
 0.100000 10.246113 0.008909 0.178190 -0.001869
 0.200000 10.222706 0.001111 0.022218 -0.003615
 0.300000 10.242586 0.004770 0.095394 -0.004448
 0.400000 10.173789 0.008741 0.174817 -0.005174
 0.500000 10.262036 0.009046 0.180928 -0.005103
 0.600000 10.275984 0.013826 0.276513 -0.006738
 0.700000 10.252984 0.003298 0.065968 -0.007743
 0.800000 10.222593 0.000370 0.007407 -0.007323
 0.900000 10.245776 0.000570 0.011397 -0.007206
 1.000000 10.294702 0.015513 0.310268 -0.010020
 1.100000 10.286101 0.009332 0.186632 -0.010484
 1.200000 10.273029 0.003440 0.068798 -0.014225
 1.300000 10.248074 0.000034 0.000689 -0.015053
 1.400000 10.272561 0.001613 0.032260 -0.013791
 1.500000 10.291662 0.005499 0.109973 -0.014147
 1.600000 10.275548 0.000864 0.017288 -0.015534
 1.700000 10.209030 0.016399 0.327980 -0.016760
 1.800000 10.264906 0.000140 0.002803 -0.019090
 1.900000 10.382806 0.059085 1.181698 -0.018969
 2.000000 10.305044 0.003657 0.073138 -0.019167
 2.100000 10.248278 0.005652 0.113047 -0.019197
 2.200000 10.257682 0.003953 0.079060 -0.019914
 2.300000 10.394859 0.055292 1.105839 -0.021110
 2.400000 10.269070 0.003009 0.060173 -0.022043
 2.500000 10.374079 0.029322 0.586435 -0.022501
 2.600000 10.285766 0.001222 0.024443 -0.022698
 2.700000 10.319524 0.001012 0.020233 -0.022427
 2.800000 10.352782 0.009497 0.189937 -0.024203
 2.900000 10.366984 0.014517 0.290345 -0.024099
 3.000000 10.253476 0.020176 0.403526 -0.024001
 3.100000 10.295258 0.003288 0.065752 -0.024132
 3.200000 10.343290 0.001709 0.034188 -0.022593
 3.300000 10.298007 0.004710 0.094204 -0.022801
 3.400000 10.323448 0.000419 0.008377 -0.022095
 3.500000 10.266610 0.024423 0.488460 -0.022636
 3.600000 10.336299 0.000084 0.001682 -0.023895
 3.700000 10.378776 0.005943 0.118859 -0.022354
 3.800000 10.339544 0.000375 0.007493 -0.021849
 3.900000 10.347634 0.000100 0.001995 -0.020653
 4.000000 10.264203 0.042134 0.842674 -0.020048
 4.100000 10.384809 0.003102 0.062044 -0.020671
 4.200000 10.339922 0.002851 0.057015 -0.019413
 4.300000 10.452075 0.035595 0.711910 -0.019126
 4.400000 10.287000 0.035786 0.715714 -0.017962
 4.500000 10.362238 0.000879 0.017588 -0.017787
 4.600000 10.309408 0.024495 0.489892 -0.015530
 4.700000 10.290548 0.043014 0.860288 -0.016066
 4.800000 10.508474 0.073536 1.470730 -0.016346
 4.900000 10.381494 0.000461 0.009227 -0.015207
 5.000000 10.328178 0.022326 0.446512 -0.014065
 5.100000 10.341804 0.016300 0.325995 -0.016525
 5.200000 10.428741 0.003365 0.067292 -0.015880
 5.300000 10.387097 0.001921 0.038430 -0.012462
 5.400000 10.361166 0.012218 0.244370 -0.011671
 5.500000 10.363282 0.013116 0.262326 -0.010229
 5.600000 10.384833 0.005634 0.112672 -0.010905
 5.700000 10.467542 0.010234 0.204684 -0.009197
 5.800000 10.391198 0.006126 0.122511 -0.008393
 5.900000 10.396374 0.005687 0.113747 -0.007943
 6.000000 10.405754 0.003989 0.079785 -0.006280
 6.100000 10.425375 0.000784 0.015686 -0.006144
 6.200000 10.377187 0.020874 0.417488 -0.003930
 6.300000 10.389718 0.015670 0.313402 -0.003353
 6.400000 10.420561 0.004216 0.084324 -0.002959
 6.500000 10.534212 0.032572 0.651441 -0.001175
 6.600000 10.366337 0.041462 0.829241 0.001026
 6.700000 10.346953 0.065377 1.307533 0.002577
 6.800000 10.417989 0.011144 0.222884 0.003252
 6.900000 10.477262 0.000333 0.006661 0.006153
 7.000000 10.496702 0.002809 0.056177 0.007657
 7.100000 10.397621 0.031426 0.628515 0.007935
 7.200000 10.407974 0.026518 0.530363 0.007662
 7.300000 10.466403 0.001674 0.033479 0.010442
 7.400000 10.442775 0.010500 0.209992 0.013520
 7.500000 10.439826 0.013873 0.277452 0.013921
 7.600000 10.554385 0.016811 0.336225 0.014139
 7.700000 10.475384 0.003104 0.062080 0.016174
 7.800000 10.452337 0.013449 0.268979 0.016624
 7.900000 10.449898 0.016938 0.338753 0.018983
 8.000000 10.506928 0.000129 0.002573 0.020473
 8.100000 10.442351 0.027048 0.540950 0.022686
 8.200000 10.424195 0.045701 0.914023 0.025065
 8.300000 10.500437 0.002706 0.054118 0.026164
 8.400000 10.524354 0.000053 0.001054 0.028288
 8.500000 10.449650 0.033497 0.669939 0.030551
 8.600000 10.510797 0.003026 0.060529 0.032865
 8.700000 10.448147 0.041544 0.830887 0.034855
 8.800000 10.490920 0.013666 0.273320 0.036146
 8.900000 10.530565 0.001367 0.027340 0.038897
 9.000000 10.452099 0.048907 0.978140 0.040517
 9.100000 10.540354 0.001058 0.021157 0.040946
 9.200000 10.425973 0.088215 1.764299 0.043234
 9.300000 10.550186 0.000783 0.015660 0.045799
 9.400000 10.495580 0.025219 0.504377 0.048266
 9.500000 10.519371 0.013071 0.261421 0.050997
 9.600000 10.534098 0.008121 0.162424 0.052064
 9.700000 10.560190 0.001640 0.032797 0.053736
 9.800000 10.500407 0.033451 0.669011 0.054873
 9.900000 10.545601 0.008201 0.164016 0.056611
 10.000000 10.573871 0.001301 0.026015 0.058646
 10.100000 10.486008 0.058203 1.164058 0.060060
 10.200000 10.615738 0.001609 0.032176 0.061599
 10.300000 10.558097 0.009506 0.190119 0.063397
 10.400000 10.526941 0.030936 0.618721 0.065213
 10.500000 10.591331 0.001651 0.033012 0.067218
 10.600000 10.521103 0.042593 0.851866 0.070340
 10.700000 10.465914 0.114589 2.291771 0.072783
 10.800000 10.585002 0.006551 0.131026 0.074559
 10.900000 10.631754 0.000221 0.004428 0.076703
 11.000000 10.508782 0.072261 1.445228 0.078004
 11.100000 10.567175 0.021599 0.431978 0.080116
 11.200000 10.593599 0.009332 0.186634 0.084020
 11.300000 10.556370 0.035558 0.711159 0.086643
 11.400000 10.575599 0.023806 0.476119 0.087486
 11.500000 10.583742 0.020968 0.419356 0.089486
 11.600000 10.669611 0.001481 0.029623 0.091850
 11.700000 10.502987 0.117524 2.350488 0.094864
 11.800000 10.615037 0.010198 0.203967 0.096433
 11.900000 10.602079 0.019233 0.384663 0.098824
 12.000000 10.693126 0.003157 0.063132 0.099868
 12.100000 10.571033 0.050870 1.017406 0.102753
 12.200000 10.559013 0.068196 1.363923 0.104834
 12.300000 10.653755 0.003366 0.067312 0.107319
 12.400000 10.680371 0.000052 0.001043 0.109894
 12.500000 10.574523 0.063819 1.276375 0.112155
 12.600000 10.594774 0.046683 0.933656 0.113304
 12.700000 10.668486 0.003595 0.071897 0.118100
 12.800000 10.657534 0.008680 0.173608 0.120480
 12.900000 10.552433 0.113502 2.270050 0.122165
 13.000000 10.700906 0.000186 0.003713 0.124125
 13.100000 10.652755 0.016904 0.338081 0.128310
 13.200000 10.622545 0.042555 0.851107 0.129517
 13.300000 10.681668 0.006857 0.137140 0.132615
 13.400000 10.623184 0.049418 0.988363 0.134781
 13.500000 10.715980 0.000553 0.011068 0.137486
 13.600000 10.632477 0.047945 0.958892 0.140524
 13.700000 10.629700 0.054706 1.094111 0.142432
 13.800000 10.713311 0.003097 0.061947 0.145025
 13.900000 10.595706 0.107156 2.143112 0.146417
 14.000000 10.648412 0.047617 0.952342 0.148783
 14.100000 10.820762 0.025107 0.502144 0.149802
 14.200000 10.671766 0.033648 0.672955 0.151776
 14.300000 10.779780 0.002438 0.048754 0.153130
 14.400000 10.752528 0.000412 0.008231 0.156409
 14.500000 10.609704 0.121361 2.427224 0.158472
 14.600000 10.660466 0.059333 1.186661 0.159770
 14.700000 10.893939 0.072769 1.455381 0.161097
 14.800000 10.667493 0.060178 1.203560 0.164550
 14.900000 10.739078 0.008829 0.176584 0.163759
 15.000000 10.772313 0.000805 0.016096 0.167148
 15.100000 10.761413 0.003778 0.075553 0.169876
 15.200000 10.706133 0.037556 0.751121 0.170076
 15.300000 10.784745 0.000715 0.014292 0.172877
 15.400000 10.786213 0.001035 0.020697 0.175410
 15.500000 10.783305 0.002246 0.044923 0.177423
 15.600000 10.656532 0.115319 2.306384 0.180903
 15.700000 10.757720 0.014895 0.297901 0.181896
 15.800000 10.850458 0.005868 0.117361 0.185744
 15.900000 10.666750 0.117581 2.351619 0.188994
 16.000000 10.774360 0.012320 0.246410 0.190987
 16.100000 10.782824 0.010159 0.203184 0.194886
 16.200000 10.701437 0.084972 1.699444 0.197272
 16.300000 10.833750 0.000019 0.000380 0.198987
 16.400000 10.755599 0.035281 0.705619 0.202376
 16.500000 10.694276 0.111340 2.226790 0.205838
 16.600000 10.756650 0.041178 0.823551 0.206964
 16.700000 10.774721 0.029322 0.586438 0.209584
 16.800000 10.783541 0.025675 0.513500 0.211297
 16.900000 10.799501 0.017760 0.355202 0.215734
 17.000000 10.721299 0.100397 2.007931 0.216773
 17.100000 10.781679 0.036313 0.726264 0.220135
 17.200000 10.737617 0.088689 1.773777 0.224696
 17.300000 10.778283 0.046481 0.929623 0.225962
 17.400000 10.843681 0.006097 0.121934 0.229457
 17.500000 10.857103 0.003225 0.064499 0.231221
 17.600000 10.773871 0.063313 1.266268 0.234605
 17.700000 10.836174 0.014648 0.292965 0.237340
 17.800000 10.831933 0.019386 0.387714 0.241131
 17.900000 10.851351 0.010927 0.218544 0.243245
 18.000000 10.886638 0.001180 0.023598 0.246637
 18.100000 10.868446 0.007014 0.140283 0.248654
 18.200000 10.808842 0.050963 1.019258 0.251255
 18.300000 10.837123 0.029320 0.586399 0.253793
 18.400000 10.792163 0.078672 1.573432 0.257552
 18.500000 10.834804 0.037581 0.751612 0.260216
 18.600000 10.912676 0.000809 0.016190 0.262762
 18.700000 10.862640 0.022218 0.444354 0.267425
 18.800000 10.837974 0.045339 0.906790 0.268819
 18.900000 10.925590 0.000662 0.013247 0.272347
 19.000000 10.868883 0.026005 0.520092 0.275811
 19.100000 10.941758 0.000049 0.000987 0.279013
 19.200000 10.814664 0.089963 1.799257 0.283052
 19.300000 10.894060 0.017193 0.343865 0.284801
 19.400000 10.844772 0.062528 1.250553 0.289663
 19.500000 10.943495 0.001446 0.028918 0.289573
 19.600000 10.870182 0.044385 0.887707 0.294173
 19.700000 10.938274 0.004508 0.090157 0.296873
 19.800000 10.952228 0.001994 0.039888 0.298985
 19.900000 10.900263 0.028756 0.575119 0.300846
 20.000000 10.901663 0.030684 0.613672 0.303240
 20.100000 10.917251 0.022211 0.444213 0.306505
 20.200000 10.883641 0.054246 1.084919 0.310021
 20.300000 10.929693 0.019224 0.384484 0.313115
 20.400000 10.963582 0.005126 0.102518 0.316173
 20.500000 10.928175 0.025436 0.508721 0.318544
 20.600000 10.943165 0.018141 0.362827 0.322003
 20.700000 10.931883 0.028438 0.568766 0.326648
 20.800000 10.900790 0.060952 1.219045 0.328072
 20.900000 10.923952 0.041539 0.830788 0.331606
 21.000000 11.010041 0.000401 0.008027 0.335443
 21.100000 10.829715 0.186602 3.732033 0.338959
 21.200000 11.017575 0.000426 0.008510 0.341715
 21.300000 10.930162 0.050539 1.010788 0.346631
 21.400000 10.901971 0.087952 1.759046 0.347225
 21.500000 11.021594 0.001429 0.028582 0.351505
 21.600000 10.897899 0.104403 2.088066 0.354356
 21.700000 11.043010 0.000054 0.001082 0.358643
 21.800000 10.935354 0.065948 1.318958 0.361963
 21.900000 11.056056 0.000019 0.000383 0.365578
 22.000000 10.925011 0.088431 1.768610 0.368752
 22.100000 11.049008 0.000831 0.016621 0.370386
 22.200000 11.055139 0.000568 0.011366 0.373908
 22.300000 10.873531 0.192412 3.848245 0.377084
 22.400000 10.964650 0.059350 1.187000 0.379659
 22.500000 11.106791 0.004290 0.085795 0.383564
 22.600000 10.886297 0.190326 3.806518 0.387347
 22.700000 10.948730 0.093257 1.865137 0.390544
 22.800000 11.092283 0.000048 0.000950 0.394912
 22.900000 10.938076 0.120162 2.403234 0.398613
 23.000000 11.048802 0.011615 0.232301 0.402046
 23.100000 10.943255 0.124260 2.485202 0.405266
 23.200000 11.073508 0.004896 0.097920 0.408173
 23.300000 11.026290 0.033957 0.679138 0.413282
 23.400000 10.968788 0.103409 2.068178 0.416176
 23.500000 11.111859 0.000108 0.002154 0.419034
 23.600000 11.089907 0.004649 0.092983 0.424446
 23.700000 10.877387 0.304829 6.096581 0.426261
 23.800000 11.137344 0.000418 0.008362 0.430851
 23.900000 11.000427 0.086689 1.733779 0.435340
 24.000000 11.050462 0.036584 0.731675 0.438811
 24.100000 11.062140 0.030233 0.604661 0.441246
 24.200000 11.084998 0.017288 0.345769 0.444220
 24.300000 11.013494 0.090056 1.801126 0.448689
 24.400000 11.055466 0.046209 0.924171 0.452074
 24.500000 11.117540 0.007205 0.144098 0.456616
 24.600000 11.020192 0.096895 1.937891 0.460321
 24.700000 11.070861 0.042725 0.854493 0.462131
 24.800000 11.048321 0.070661 1.413210 0.467750
 24.900000 11.104758 0.022006 0.440121 0.470173
 25.000000 11.040278 0.090751 1.815013 0.471955
 25.100000 11.143157 0.006388 0.127753 0.474361
 25.200000 11.082389 0.050412 1.008245 0.478715
 25.300000 11.174267 0.000773 0.015459 0.480694
 25.400000 11.081653 0.059347 1.186939 0.483793
 25.500000 11.218134 0.002793 0.055856 0.486106
 25.600000 11.052351 0.106652 2.133033 0.488530
 25.700000 11.155508 0.010948 0.218953 0.491154
 25.800000 11.118650 0.038325 0.766506 0.494698
 25.900000 11.169792 0.008124 0.162473 0.495478
 26.000000 11.101268 0.063543 1.270853 0.501181
 26.100000 11.032684 0.171524 3.430486 0.502883
 26.200000 11.201273 0.002107 0.042137 0.507663
 26.300000 10.995826 0.264211 5.284220 0.510964
 26.400000 11.167030 0.019575 0.391502 0.516690
 26.500000 11.104177 0.083622 1.672438 0.519263
 26.600000 11.130830 0.056786 1.135726 0.521027
 26.700000 11.246915 0.000158 0.003153 0.524683
 26.800000 11.091418 0.118245 2.364902 0.527730
 26.900000 11.272470 0.002731 0.054614 0.530087
 27.000000 11.180982 0.025933 0.518660 0.534701
 27.100000 11.106024 0.113818 2.276356 0.537187
 27.200000 11.196137 0.020906 0.418127 0.539061
 27.300000 11.209647 0.015154 0.303082 0.544341
 27.400000 11.181450 0.037976 0.759513 0.546156
 27.500000 11.175591 0.046957 0.939138 0.550774
 27.600000 11.208779 0.022863 0.457254 0.551630
 27.700000 11.222746 0.016562 0.331249 0.555915
 27.800000 11.216017 0.023245 0.464897 0.557762
 27.900000 11.194089 0.044190 0.883810 0.560675
 28.000000 11.172403 0.071517 1.430346 0.563609
 28.100000 11.203622 0.042576 0.851517 0.567031
 28.200000 11.188139 0.062341 1.246815 0.569521
 28.300000 11.321899 0.001656 0.033121 0.573321
 28.400000 11.114321 0.186784 3.735677 0.575238
 28.500000 11.360708 0.012107 0.242145 0.578354
 28.600000 11.191184 0.077148 1.542968 0.580885
 28.700000 11.199570 0.071676 1.433522 0.583827
 28.800000 11.233125 0.040567 0.811346 0.588664
 28.900000 11.232199 0.045031 0.900615 0.593069
 29.000000 11.189904 0.099541 1.990818 0.595970
 29.100000 11.260934 0.027355 0.547097 0.599924
 29.200000 11.213523 0.078471 1.569428 0.605717
 29.300000 11.268372 0.027623 0.552462 0.607389
 29.400000 11.349808 0.000051 0.001029 0.610562
 29.500000 11.171146 0.160840 3.216790 0.613961
 29.600000 11.412603 0.016938 0.338761 0.616413
 29.700000 11.200007 0.125284 2.505671 0.619320
 29.800000 11.306928 0.015275 0.305500 0.621155
 29.900000 11.263037 0.053110 1.062191 0.627506
 30.000000 11.233773 0.092788 1.855769 0.629571
 30.100000 11.324030 0.012435 0.248706 0.632113
 30.200000 11.266998 0.061385 1.227700 0.636282
 30.300000 11.298761 0.034394 0.687889 0.639004
 30.400000 11.260588 0.078139 1.562789 0.642068
 30.500000 11.343351 0.010649 0.212972 0.645383
 30.600000 11.279922 0.064387 1.287733 0.650013
 30.700000 11.407294 0.000499 0.009989 0.653151
 30.800000 11.333274 0.023070 0.461399 0.658690
 30.900000 11.284309 0.072952 1.459041 0.658216
 31.000000 11.374044 0.006110 0.122195 0.664073
 31.100000 11.269492 0.102829 2.056579 0.665078
 31.200000 11.400195 0.001379 0.027573 0.667330
 31.300000 11.396927 0.002826 0.056517 0.669668
 31.400000 11.365641 0.017381 0.347612 0.671706
 31.500000 11.347872 0.032504 0.650088 0.673769
 31.600000 11.329664 0.052773 1.055459 0.677106
 31.700000 11.304174 0.087286 1.745728 0.682450
 31.800000 11.320180 0.072024 1.440482 0.684018
 31.900000 11.331473 0.063424 1.268487 0.690682
 32.000000 11.368230 0.031816 0.636322 0.692833
 32.100000 11.401563 0.012669 0.253384 0.696498
 32.200000 11.272408 0.168164 3.363280 0.701113
 32.300000 11.459534 0.000000 0.000003 0.704262
 32.400000 11.323698 0.097863 1.957270 0.708150
 32.500000 11.343123 0.077348 1.546968 0.711263
 32.600000 11.337325 0.089880 1.797606 0.716356
 32.700000 11.322758 0.116346 2.326913 0.719339
 32.800000 11.424688 0.014858 0.297161 0.724696
 32.900000 11.363981 0.070947 1.418940 0.728774
 33.000000 11.467811 0.001841 0.036821 0.730883
 33.100000 11.347170 0.103292 2.065844 0.735846
 33.200000 11.418246 0.029302 0.586050 0.739263
 33.300000 11.411322 0.038175 0.763498 0.743062
 33.400000 11.402641 0.049959 0.999173 0.747101
 33.500000 11.393164 0.064226 1.284514 0.749831
 33.600000 11.411595 0.048812 0.976241 0.752846
 33.700000 11.499821 0.001048 0.020964 0.756886
 33.800000 11.362348 0.121449 2.428977 0.759358
 33.900000 11.370368 0.115113 2.302257 0.764984
 34.000000 11.362573 0.133542 2.670838 0.768038
 34.100000 11.401870 0.081959 1.639176 0.774522
 34.200000 11.444623 0.039763 0.795258 0.777131
 34.300000 11.449393 0.038991 0.779819 0.781500
 34.400000 11.451979 0.040160 0.803194 0.784666
 34.500000 11.334031 0.223596 4.471921 0.791161
 34.600000 11.413598 0.092210 1.844208 0.792531
 34.700000 11.494632 0.017209 0.344189 0.796795
 34.800000 11.428420 0.082921 1.658421 0.801685
 34.900000 11.445769 0.066506 1.330126 0.806117
 35.000000 11.524036 0.008390 0.167801 0.811084
 35.100000 11.443376 0.078781 1.575615 0.814655
 35.200000 11.416259 0.122525 2.450510 0.818471
 35.300000 11.551801 0.003100 0.061996 0.824253
 35.400000 11.451824 0.082916 1.658329 0.828762
 35.500000 11.566526 0.001615 0.032308 0.831501
 35.600000 11.409611 0.159827 3.196538 0.835843
 35.700000 11.537462 0.015036 0.300720 0.839098
 35.800000 11.396896 0.198610 3.972196 0.845120
 35.900000 11.555462 0.009963 0.199254 0.847982
 36.000000 11.571402 0.005313 0.106260 0.852777
 36.100000 11.418007 0.180297 3.605942 0.857273
 36.200000 11.536968 0.027999 0.559985 0.861159
 36.300000 11.532398 0.034696 0.693916 0.865948
 36.400000 11.504812 0.065882 1.317631 0.870287
 36.500000 11.560263 0.019994 0.399887 0.875210
 36.600000 11.432255 0.190408 3.808156 0.878389
 36.700000 11.566132 0.021234 0.424689 0.883470
 36.800000 11.532938 0.052287 1.045749 0.887846
 36.900000 11.517270 0.074213 1.484251 0.890778
 37.000000 11.575541 0.022754 0.455074 0.895676
 37.100000 11.454944 0.184236 3.684716 0.899718
 37.200000 11.546046 0.054867 1.097344 0.902894
 37.300000 11.520092 0.090596 1.811923 0.908134
 37.400000 11.478735 0.161758 3.235153 0.913305
 37.500000 11.541067 0.073730 1.474599 0.915087
 37.600000 11.631947 0.005935 0.118698 0.919501
 37.700000 11.607421 0.019769 0.395371 0.922565
 37.800000 11.573958 0.050242 1.004841 0.926821
 37.900000 11.585010 0.043329 0.866572 0.933362
 38.000000 11.600645 0.033094 0.661871 0.933781
 38.100000 11.522042 0.134248 2.684956 0.940970
 38.200000 11.600503 0.039870 0.797391 0.944548
 38.300000 11.613140 0.032449 0.648984 0.948527
 38.400000 11.573749 0.076695 1.533908 0.953878
 38.500000 11.587770 0.064673 1.293451 0.959161
 38.600000 11.538202 0.139776 2.795513 0.961785
 38.700000 11.635754 0.027045 0.540906 0.969495
 38.800000 11.470367 0.294840 5.896793 0.973506
 38.900000 11.603738 0.064255 1.285104 0.977757
 39.000000 11.600389 0.072735 1.454703 0.982096
 39.100000 11.592794 0.087260 1.745195 0.987202
 39.200000 11.574659 0.118797 2.375931 0.993287
 39.300000 11.618188 0.065564 1.311290 0.997390
 39.400000 11.576006 0.128952 2.579041 1.001245
 39.500000 11.614244 0.079702 1.594047 1.006397
 39.600000 11.564950 0.161012 3.220243 1.011740
 39.700000 11.694035 0.014723 0.294466 1.015775
 39.800000 11.500563 0.316606 6.332128 1.022524
 39.900000 11.686042 0.024540 0.490806 1.026314
 40.000000 11.669570 0.040888 0.817763 1.032903
 40.100000 11.593688 0.144860 2.897200 1.035135
 40.200000 11.658216 0.060043 1.200860 1.040109
 40.300000 11.681515 0.040667 0.813339 1.043294
 40.400000 11.661483 0.065113 1.302261 1.049834
 40.500000 11.609400 0.144670 2.893404 1.054926
 40.600000 11.746554 0.006788 0.135764 1.060171
 40.700000 11.599203 0.176903 3.538051 1.064296
 40.800000 11.794548 0.000056 0.001121 1.067376
 40.900000 11.649831 0.105515 2.110304 1.072269
 41.000000 11.728040 0.025176 0.503525 1.077076
 41.100000 11.692620 0.060808 1.216169 1.081329
 41.200000 11.608381 0.196850 3.936991 1.084599
 41.300000 11.873050 0.019438 0.388753 1.088732
 41.400000 11.679613 0.091108 1.822155 1.091443
 41.500000 11.690331 0.082137 1.642739 1.093744
 41.600000 11.820695 0.000015 0.000291 1.099256
 41.700000 11.687297 0.096609 1.932172 1.101413
 41.800000 11.669295 0.129452 2.589036 1.106414
 41.900000 11.721931 0.062909 1.258186 1.109168
 42.000000 11.798970 0.007617 0.152336 1.113898
 42.100000 11.672033 0.144274 2.885480 1.118624
 42.200000 11.743455 0.052372 1.047447 1.121586
 42.300000 11.724604 0.078245 1.564895 1.128409
 42.400000 11.770660 0.034396 0.687910 1.132820
 42.500000 11.752944 0.054660 1.093203 1.138115
 42.600000 11.738440 0.075596 1.511916 1.142224
 42.700000 11.671031 0.188703 3.774053 1.147477
 42.800000 11.773954 0.045359 0.907188 1.150644
 42.900000 11.765285 0.058120 1.162401 1.156122
 43.000000 11.746715 0.084871 1.697412 1.160021
 43.100000 11.767447 0.064358 1.287154 1.165307
 43.200000 11.746822 0.095189 1.903781 1.169412
 43.300000 11.705838 0.167192 3.343843 1.175284
 43.400000 11.747559 0.105184 2.103679 1.181958
 43.500000 11.731251 0.136535 2.730708 1.185844
 43.600000 11.827474 0.026591 0.531824 1.191207
 43.700000 11.933800 0.004351 0.087028 1.195111
 43.800000 11.623707 0.404681 8.093624 1.198972
 43.900000 11.890637 0.002303 0.046068 1.203866
 44.000000 11.777770 0.095537 1.910745 1.208521
 44.100000 11.886452 0.005594 0.111878 1.212136
 44.200000 11.765729 0.124933 2.498653 1.216572
 44.300000 11.857902 0.024359 0.487183 1.222956
 44.400000 11.827261 0.054433 1.088654 1.227462
 44.500000 11.757399 0.158599 3.171983 1.232356
 44.600000 11.875701 0.020288 0.405761 1.235770
 44.700000 11.777470 0.137498 2.749966 1.242075
 44.800000 11.818504 0.082814 1.656277 1.246570
 44.900000 11.900496 0.012804 0.256080 1.254362
 45.000000 11.847254 0.058046 1.160915 1.256232
 45.100000 11.928963 0.004481 0.089624 1.260318
 45.200000 11.876734 0.037037 0.740731 1.264313
 45.300000 11.927455 0.007701 0.154019 1.269176
 45.400000 11.808099 0.132032 2.640647 1.274816
 45.500000 11.827870 0.107501 2.150021 1.277628
 45.600000 11.898181 0.032176 0.643513 1.284464
 45.700000 11.811109 0.146532 2.930635 1.287864
 45.800000 11.909474 0.029434 0.588685 1.292229
 45.900000 11.899494 0.041047 0.820950 1.294219
 46.000000 11.939331 0.014943 0.298867 1.298311
 46.100000 11.766485 0.267764 5.355270 1.303237
 46.200000 11.979287 0.002534 0.050686 1.307557
 46.300000 11.942485 0.019981 0.399619 1.312177
 46.400000 11.771016 0.284613 5.692254 1.316057
 46.500000 12.024239 0.000577 0.011532 1.320787
 46.600000 11.791209 0.255811 5.116223 1.327203
 46.700000 11.936805 0.035697 0.713932 1.330626
 46.800000 11.932846 0.042647 0.852931 1.337358
 46.900000 11.840594 0.177673 3.553453 1.340155
 47.000000 11.980237 0.013919 0.278389 1.344794
 47.100000 11.986291 0.012806 0.256129 1.349487
 47.200000 11.909365 0.086375 1.727508 1.352498
 47.300000 11.903288 0.099987 1.999741 1.355870
 47.400000 11.947498 0.051108 1.022153 1.361675
 47.500000 11.890503 0.131215 2.624299 1.366236
 47.600000 12.052675 0.000069 0.001387 1.370335
 47.700000 11.920376 0.097894 1.957886 1.373553
 47.800000 12.054445 0.000476 0.009516 1.377348
 47.900000 11.949307 0.070559 1.411172 1.381257
 48.000000 11.793730 0.387170 7.743401 1.386264
 48.100000 11.994980 0.032741 0.654812 1.393858
 48.200000 11.876765 0.206116 4.122329 1.398040
 48.300000 12.058833 0.003092 0.061838 1.402238
 48.400000 12.044825 0.009148 0.182966 1.404651
 48.500000 12.029372 0.019300 0.385991 1.410535
 48.600000 11.990076 0.055466 1.109320 1.411524
 48.700000 12.096217 0.000048 0.000951 1.416017
 48.800000 11.999937 0.053316 1.066318 1.417916
 48.900000 11.938510 0.142113 2.842251 1.423145
 49.000000 11.916425 0.189297 3.785938 1.428111
 49.100000 12.029475 0.036487 0.729746 1.433195
 49.200000 11.857247 0.342049 6.840983 1.439296
 49.300000 12.059960 0.019682 0.393634 1.444405
 49.400000 11.969067 0.124084 2.481677 1.449756
 49.500000 12.012164 0.070017 1.400337 1.452902
 49.600000 12.059220 0.028260 0.565198 1.457173
 49.700000 12.065297 0.026647 0.532946 1.461180
 49.800000 12.003400 0.096328 1.926558 1.465331
 49.900000 12.034839 0.061895 1.237897 1.469830
 50.000000 12.089273 0.018439 0.368774 1.474083
 50.100000 12.009494 0.104265 2.085306 1.478755
 50.200000 12.084265 0.027037 0.540742 1.481603
 50.300000 12.036135 0.078833 1.576654 1.486960
 50.400000 11.985828 0.161590 3.231803 1.490161
 50.500000 12.198781 0.004287 0.085739 1.495567
 50.600000 12.070271 0.053178 1.063559 1.497556
 50.700000 12.025798 0.114764 2.295284 1.501942
 50.800000 12.029757 0.114675 2.293508 1.504396
 50.900000 12.166480 0.001733 0.034670 1.509541
 51.000000 12.077592 0.062059 1.241180 1.511369
 51.100000 12.155525 0.006984 0.139688 1.513809
 51.200000 12.092711 0.054172 1.083445 1.518912
 51.300000 12.126383 0.027615 0.552302 1.522214
 51.400000 12.067301 0.094255 1.885108 1.527333
 51.500000 12.092595 0.067170 1.343400 1.530142
 51.600000 12.120784 0.041968 0.839357 1.534354
 51.700000 12.089885 0.079904 1.598077 1.536929
 51.800000 12.108552 0.062326 1.246526 1.542204
 51.900000 12.074595 0.111759 2.235180 1.547728
 52.000000 12.162938 0.021165 0.423300 1.552529
 52.100000 12.032155 0.199490 3.989806 1.556524
 52.200000 12.276636 0.008338 0.166762 1.559888
 52.300000 12.143706 0.046075 0.921493 1.564077
 52.400000 12.014826 0.261688 5.233762 1.567476
 52.500000 12.226229 0.002262 0.045248 1.572072
 52.600000 12.155408 0.046072 0.921445 1.575168
 52.700000 12.124903 0.085017 1.700342 1.580463
 52.800000 12.217774 0.008581 0.171612 1.583703
 52.900000 12.253107 0.000499 0.009987 1.585956
 53.000000 12.202023 0.021110 0.422205 1.588223
 53.100000 12.141152 0.084173 1.683465 1.591524
 53.200000 12.175465 0.049337 0.986737 1.596850
 53.300000 12.189184 0.040065 0.801305 1.597182
 53.400000 12.140720 0.100649 2.012981 1.604393
 53.500000 12.156940 0.083929 1.678586 1.608734
 53.600000 12.191757 0.048652 0.973040 1.610155
 53.700000 12.159997 0.090187 1.803734 1.612508
 53.800000 12.216769 0.033155 0.663107 1.617667
 53.900000 12.355285 0.014143 0.282866 1.619811
 54.000000 12.177588 0.082448 1.648960 1.620320
 54.100000 12.256240 0.014397 0.287944 1.625535
 54.200000 12.241884 0.025859 0.517185 1.625884
 54.300000 12.197255 0.072535 1.450710 1.631635
 54.400000 12.256866 0.020953 0.419050 1.635737
 54.500000 12.101864 0.250065 5.001294 1.640623
 54.600000 12.211723 0.069239 1.384788 1.644426
 54.700000 12.300923 0.005241 0.104824 1.646789
 54.800000 12.193169 0.103724 2.074489 1.653595
 54.900000 12.256464 0.035817 0.716334 1.656230
 55.000000 12.298214 0.010944 0.218888 1.659321
 55.100000 12.250232 0.048677 0.973537 1.662579
 55.200000 12.257247 0.045652 0.913037 1.665742
 55.300000 12.217196 0.097307 1.946135 1.670041
 55.400000 12.319511 0.008441 0.168829 1.673129
 55.500000 12.236755 0.081594 1.631886 1.676258
 55.600000 12.354140 0.001017 0.020336 1.678491
 55.700000 12.301185 0.025287 0.505741 1.682380
 55.800000 12.273147 0.053099 1.061987 1.685228
 55.900000 12.204101 0.154879 3.097572 1.689456
 56.000000 12.335337 0.011840 0.236810 1.692197
 56.100000 12.276969 0.061528 1.230570 1.695740
 56.200000 12.319659 0.026022 0.520434 1.697971
 56.300000 12.272977 0.075304 1.506089 1.700715
 56.400000 12.374290 0.003203 0.064061 1.703826
 56.500000 12.479169 0.028629 0.572580 1.707197
 56.600000 12.261044 0.107101 2.142018 1.708666
 56.700000 12.280974 0.084924 1.698475 1.710176
 56.800000 12.445462 0.004579 0.091577 1.710500
 56.900000 12.368141 0.012984 0.259680 1.713189
 57.000000 12.466360 0.009401 0.188010 1.715430
 57.100000 12.266850 0.128080 2.561593 1.716331
 57.200000 12.417962 0.000824 0.016482 1.718587
 57.300000 12.398991 0.006376 0.127516 1.721152
 57.400000 12.373522 0.021176 0.423511 1.722033
 57.500000 12.405346 0.006902 0.138041 1.723011
 57.600000 12.538939 0.042817 0.856339 1.723164
 57.700000 12.361551 0.039382 0.787641 1.726543
 57.800000 12.511296 0.016300 0.325994 1.725682
 57.900000 12.460738 0.000035 0.000696 1.726358
 58.000000 12.383421 0.030873 0.617458 1.728544
 58.100000 12.348761 0.068608 1.372161 1.729517
 58.200000 12.483124 0.000888 0.017752 1.729923
 58.300000 12.409315 0.020727 0.414549 1.732343
 58.400000 12.496032 0.001699 0.033976 1.735949
 58.500000 12.447333 0.005837 0.116736 1.736160
 58.600000 12.364847 0.072665 1.453295 1.737465
 58.700000 12.377354 0.062659 1.253180 1.738527
 58.800000 12.421747 0.025528 0.510558 1.742789
 58.900000 12.429334 0.022961 0.459225 1.743773
 59.000000 12.413228 0.038519 0.770385 1.745365
 59.100000 12.419084 0.036822 0.736431 1.746086
 59.200000 12.437583 0.025359 0.507184 1.748452
 59.300000 12.509229 0.000060 0.001205 1.750364
 59.400000 12.483478 0.005485 0.109708 1.752511
 59.500000 12.484926 0.006327 0.126548 1.755161
 59.600000 12.481536 0.009187 0.183733 1.757094
 59.700000 12.513108 0.001154 0.023081 1.758942
 59.800000 12.410899 0.073569 1.471389 1.760166
 59.900000 12.411022 0.078223 1.564459 1.761654
 60.000000 12.520588 0.001884 0.037683 1.763572
 60.100000 12.494508 0.012198 0.243956 1.768110
 60.200000 12.543094 0.000111 0.002215 1.769584
 60.300000 12.464999 0.037585 0.751708 1.772501
 60.400000 12.500825 0.015002 0.300031 1.772982
 60.500000 12.551082 0.000354 0.007087 1.776305
 60.600000 12.411399 0.115522 2.310432 1.778716
 60.700000 12.507142 0.018095 0.361896 1.780229
 60.800000 12.620341 0.012074 0.241482 1.782924
 60.900000 12.510903 0.020606 0.412125 1.786547
 61.000000 12.524012 0.015118 0.302369 1.786902
 61.100000 12.540014 0.009196 0.183924 1.789255
 61.200000 12.496381 0.040878 0.817557 1.793779
 61.300000 12.545696 0.010127 0.202533 1.795124
 61.400000 12.590919 0.000068 0.001355 1.795968
 61.500000 12.628138 0.004392 0.087843 1.798914
 61.600000 12.517631 0.035929 0.718574 1.801217
 61.700000 12.575543 0.004730 0.094597 1.803704
 61.800000 12.514996 0.045319 0.906376 1.805567
 61.900000 12.620179 0.000185 0.003695 1.805204
 62.000000 12.508964 0.059444 1.188884 1.808644
 62.100000 12.573733 0.011600 0.232007 1.811472
 62.200000 12.582525 0.009364 0.187272 1.814426
 62.300000 12.614345 0.001179 0.023577 1.816045
 62.400000 12.597618 0.006474 0.129470 1.817011
 62.500000 12.614446 0.002657 0.053149 1.820259
 62.600000 12.605247 0.006535 0.130706 1.821825
 62.700000 12.581915 0.020088 0.401762 1.825629
 62.800000 12.486002 0.133167 2.663347 1.828703
 62.900000 12.568023 0.036190 0.723808 1.831193
 63.000000 12.617887 0.007649 0.152981 1.833697
 63.100000 12.650797 0.000510 0.010207 1.837345
 63.200000 12.496471 0.141673 2.833451 1.840427
 63.300000 12.623959 0.010009 0.200179 1.842368
 63.400000 12.629532 0.009274 0.185488 1.846180
 63.500000 12.547589 0.083090 1.661807 1.847670
 63.600000 12.630919 0.012242 0.244832 1.850735
 63.700000 12.676961 0.000269 0.005387 1.854441
 63.800000 12.576888 0.061952 1.239034 1.856987
 63.900000 12.574605 0.069026 1.380518 1.860326
 64.000000 12.567790 0.082189 1.643784 1.863534
 64.100000 12.704979 0.000129 0.002580 1.867367
 64.200000 12.640562 0.019995 0.399902 1.871395
 64.300000 12.738759 0.004823 0.096463 1.874477
 64.400000 12.646306 0.021316 0.426330 1.877339
 64.500000 12.691164 0.002961 0.059225 1.882362
 64.600000 12.605349 0.065038 1.300754 1.885649
 64.700000 12.548839 0.152183 3.043655 1.887225
 64.800000 12.674058 0.014120 0.282402 1.891936
 64.900000 12.660906 0.024636 0.492721 1.895402
 65.000000 12.650768 0.035475 0.709506 1.899319
 65.100000 12.552983 0.172825 3.456499 1.902904
 65.200000 12.688754 0.014605 0.292093 1.907133
 65.300000 12.623031 0.076471 1.529411 1.911893
 65.400000 12.610566 0.098047 1.960950 1.915255
 65.500000 12.643472 0.061636 1.232718 1.919990
 65.600000 12.671258 0.037969 0.759381 1.924310
 65.700000 12.564605 0.195417 3.908334 1.927548
 65.800000 12.729132 0.006870 0.137406 1.932258
 65.900000 12.593218 0.156437 3.128735 1.936942
 66.000000 12.631331 0.101772 2.035439 1.940175
 66.100000 12.729149 0.011883 0.237669 1.945643
 66.200000 12.603084 0.159697 3.193947 1.949798
 66.300000 12.648343 0.094335 1.886697 1.955840
 66.400000 12.737088 0.013788 0.275752 1.960338
 66.500000 12.774962 0.001718 0.034367 1.962692
 66.600000 12.608906 0.177649 3.552983 1.967370
 66.700000 12.612734 0.177786 3.555723 1.971429
 66.800000 12.734518 0.024980 0.499593 1.976540
 66.900000 12.589409 0.241322 4.826433 1.981691
 67.000000 12.677251 0.092139 1.842780 1.987916
 67.100000 12.679324 0.094635 1.892710 1.992094
 67.200000 12.720705 0.050095 1.001902 1.997295
 67.300000 12.666711 0.124803 2.496055 2.001528
 67.400000 12.683776 0.104870 2.097397 2.007124
 67.500000 12.755470 0.029668 0.593367 2.011350
 67.600000 12.780697 0.015514 0.310287 2.016506
 67.700000 12.650134 0.180815 3.616292 2.021418
 67.800000 12.677576 0.138817 2.776343 2.025632
 67.900000 12.823988 0.002907 0.058141 2.031428
 68.000000 12.851254 0.000003 0.000056 2.037017
 68.100000 12.662659 0.186711 3.734210 2.041427
 68.200000 12.777687 0.033713 0.674253 2.046553
 68.300000 12.705195 0.125619 2.512382 2.052098
 68.400000 12.695848 0.147494 2.949873 2.056864
 68.500000 12.792968 0.030837 0.616734 2.062711
 68.600000 12.748247 0.080840 1.616791 2.067223
 68.700000 12.723921 0.120713 2.414262 2.072096
 68.800000 12.826975 0.015806 0.316125 2.076456
 68.900000 12.762356 0.077806 1.556118 2.080266
 69.000000 12.802942 0.038771 0.775421 2.085231
 69.100000 12.764044 0.085616 1.712318 2.089933
 69.200000 12.762646 0.092689 1.853782 2.095034
 69.300000 12.790246 0.063229 1.264584 2.100579
 69.400000 12.668879 0.282556 5.651120 2.106143
 69.500000 12.761817 0.110533 2.210657 2.113746
 69.600000 12.822614 0.042123 0.842468 2.116900
 69.700000 12.766703 0.114908 2.298163 2.121101
 69.800000 12.788413 0.089495 1.789899 2.127733
 69.900000 12.733797 0.184901 3.698026 2.132794
 70.000000 12.891140 0.007551 0.151014 2.138393
 70.100000 12.768622 0.136584 2.731679 2.144124
 70.200000 12.656007 0.397036 7.940723 2.148804
 70.300000 12.946459 0.000113 0.002264 2.155366
 70.400000 12.792810 0.116724 2.334473 2.161937
 70.500000 12.844054 0.055594 1.111881 2.166326
 70.600000 12.838259 0.066287 1.325748 2.171969
 70.700000 12.749354 0.216208 4.324154 2.176444
 70.800000 12.871562 0.040175 0.803493 2.181412
 70.900000 12.864388 0.050715 1.014294 2.185763
 71.000000 12.859115 0.060374 1.207479 2.190524
 71.100000 12.838731 0.090007 1.800141 2.195490
 71.200000 12.853090 0.076521 1.530419 2.202432
 71.300000 12.777058 0.207351 4.147011 2.205876
 71.400000 12.917557 0.022474 0.449482 2.211980
 71.500000 12.851483 0.093868 1.877367 2.215933
 71.600000 12.739846 0.318918 6.378351 2.222122
 71.700000 12.901629 0.044813 0.896254 2.228833
 71.800000 12.894270 0.056105 1.122108 2.233772
 71.900000 12.821838 0.166097 3.321930 2.239091
 72.000000 12.802670 0.210802 4.216042 2.244763
 72.100000 12.989269 0.002561 0.051215 2.251206
 72.200000 12.898391 0.068925 1.378496 2.255509
 72.300000 12.803456 0.233807 4.676147 2.259601
 72.400000 12.971365 0.013642 0.272846 2.266233
 72.500000 12.791022 0.279608 5.592163 2.272126
 72.600000 12.906499 0.078001 1.560021 2.278453
 72.700000 12.971381 0.020428 0.408568 2.282115
 72.800000 12.936103 0.053145 1.062902 2.287531
 72.900000 12.857393 0.172436 3.448712 2.294454
 73.000000 12.864675 0.166211 3.324227 2.300321
 73.100000 12.955920 0.045106 0.902129 2.307267
 73.200000 12.881045 0.150955 3.019091 2.312603
 73.300000 12.922275 0.093059 1.861175 2.316885
 73.400000 12.906195 0.122313 2.446259 2.325356
 73.500000 12.886071 0.162773 3.255452 2.329426
 73.600000 12.993315 0.029710 0.594206 2.334316
 73.700000 12.906307 0.141108 2.822163 2.340752
 73.800000 12.952935 0.078457 1.569138 2.346418
 73.900000 12.915651 0.138526 2.770515 2.353370
 74.000000 12.962742 0.075963 1.519252 2.357814
 74.100000 13.004016 0.036881 0.737613 2.364643
 74.200000 12.882380 0.223493 4.469853 2.368958
 74.300000 13.016021 0.033357 0.667144 2.373609
 74.400000 12.929278 0.148474 2.969471 2.381368
 74.500000 12.980643 0.077947 1.558937 2.386012
 74.600000 12.998954 0.060992 1.219838 2.393206
 74.700000 12.958439 0.119910 2.398202 2.399085
 74.800000 12.924647 0.185382 3.707647 2.403930
 74.900000 12.972025 0.111117 2.222333 2.410919
 75.000000 12.896659 0.260697 5.213942 2.416161
 75.100000 12.971118 0.124475 2.489504 2.423750
 75.200000 12.988535 0.104061 2.081226 2.430005
 75.300000 12.974701 0.131218 2.624366 2.434939
 75.400000 12.979053 0.130486 2.609727 2.441642
 75.500000 12.947963 0.193133 3.862669 2.448084
 75.600000 13.014703 0.089375 1.787495 2.453485
 75.700000 12.920291 0.269141 5.382822 2.460476
 75.800000 12.988765 0.140172 2.803437 2.465422
 75.900000 13.113053 0.011067 0.221341 2.472226
 76.000000 12.891402 0.371549 7.430971 2.475962
 76.100000 13.164498 0.000058 0.001157 2.482593
 76.200000 12.966852 0.210019 4.200383 2.488990
 76.300000 13.000975 0.152644 3.052881 2.493340
 76.400000 13.076102 0.053559 1.071184 2.500044
 76.500000 13.040685 0.101981 2.039622 2.504418
 76.600000 13.043111 0.104096 2.081919 2.510442
 76.700000 13.088901 0.052427 1.048549 2.517385
 76.800000 13.043014 0.115803 2.316059 2.521942
 76.900000 13.039191 0.127854 2.557086 2.528255
 77.000000 13.140408 0.019589 0.391777 2.532593
 77.100000 12.984638 0.247003 4.940053 2.537177
 77.200000 13.125644 0.036258 0.725163 2.544222
 77.300000 13.008880 0.211809 4.236180 2.550236
 77.400000 13.155873 0.019674 0.393471 2.555396
 77.500000 13.121164 0.051345 1.026899 2.562352
 77.600000 13.067239 0.126662 2.533237 2.564487
 77.700000 13.106284 0.076900 1.537993 2.570745
 77.800000 13.120207 0.064972 1.299437 2.574842
 77.900000 13.115293 0.075408 1.508153 2.580380
 78.000000 13.036812 0.210510 4.210201 2.586391
 78.100000 13.216999 0.004176 0.083529 2.591488
 78.200000 13.154941 0.044991 0.899828 2.595267
 78.300000 13.112238 0.100058 2.001152 2.597724
 78.400000 13.267349 0.000475 0.009504 2.601151
 78.500000 13.163205 0.048309 0.966189 2.604458
 78.600000 13.226189 0.007687 0.153748 2.605082
 78.700000 13.208455 0.018510 0.370209 2.608630
 78.800000 13.186346 0.037718 0.754354 2.610421
 78.900000 13.225346 0.013392 0.267847 2.613140
 79.000000 13.273237 0.000301 0.006027 2.616493
 79.100000 13.158353 0.080071 1.601413 2.618740
 79.200000 13.233160 0.015479 0.309584 2.620371
 79.300000 13.248103 0.009945 0.198893 2.625543
 79.400000 13.160596 0.092485 1.849699 2.628312
 79.500000 13.225732 0.027952 0.559032 2.631461
 79.600000 13.264704 0.007879 0.157580 2.635621
 79.700000 13.168117 0.098257 1.965139 2.637960
 79.800000 13.334401 0.002464 0.049289 2.641038
 79.900000 13.189571 0.080048 1.600967 2.642867
 80.000000 13.338877 0.001782 0.035633 2.644745
 80.100000 13.251814 0.025982 0.519643 2.647420
 80.200000 13.282620 0.010206 0.204121 2.648291
 80.300000 13.258719 0.026631 0.532625 2.651541
 80.400000 13.204314 0.086180 1.723598 2.654851
 80.500000 13.321696 0.001585 0.031697 2.659427
 80.600000 13.218436 0.078080 1.561594 2.663333
 80.700000 13.337493 0.000481 0.009618 2.664338
 80.800000 13.219158 0.087176 1.743517 2.667052
 80.900000 13.303085 0.013528 0.270552 2.670527
 81.000000 13.263745 0.045368 0.907354 2.674747
 81.100000 13.260140 0.052798 1.055965 2.677255
 81.200000 13.328724 0.007249 0.144979 2.680842
 81.300000 13.296137 0.027798 0.555964 2.682515
 81.400000 13.384824 0.000523 0.010453 2.683395
 81.500000 13.282773 0.045818 0.916357 2.688102
 81.600000 13.273224 0.059597 1.191936 2.689276
 81.700000 13.326656 0.017787 0.355739 2.691881
 81.800000 13.316849 0.026902 0.538035 2.694735
 81.900000 13.373336 0.002156 0.043116 2.697761
 82.000000 13.320007 0.030415 0.608295 2.698920
 82.100000 13.320309 0.033286 0.665710 2.701864
 82.200000 13.348756 0.016270 0.325397 2.703603
 82.300000 13.365935 0.009577 0.191538 2.706083
 82.400000 13.385902 0.003836 0.076720 2.707992
 82.500000 13.384707 0.005377 0.107538 2.709294
 82.600000 13.392771 0.004098 0.081962 2.708870
 82.700000 13.437908 0.000795 0.015897 2.711745
 82.800000 13.303261 0.079304 1.586070 2.711097
 82.900000 13.465380 0.005210 0.104197 2.714100
 83.000000 13.363653 0.026899 0.537973 2.715106
 83.100000 13.452229 0.000642 0.012834 2.716200
 83.200000 13.392785 0.013528 0.270555 2.717902
 83.300000 13.357298 0.041772 0.835431 2.720423
 83.400000 13.414881 0.007113 0.142270 2.721088
 83.500000 13.498120 0.008661 0.173223 2.723111
 83.600000 13.296355 0.134553 2.691064 2.725023
 83.700000 13.421398 0.009203 0.184058 2.726910
 83.800000 13.506432 0.007308 0.146169 2.730671
 83.900000 13.315256 0.123001 2.460016 2.731744
 84.000000 13.546059 0.024541 0.490822 2.732586
 84.100000 13.350887 0.083221 1.664427 2.736395
 84.200000 13.462643 0.002238 0.044760 2.735608
 84.300000 13.479456 0.000340 0.006796 2.739220
 84.400000 13.417335 0.027576 0.551526 2.740260
 84.500000 13.415916 0.031668 0.633362 2.742922
 84.600000 13.434829 0.020847 0.416939 2.746199
 84.700000 13.423616 0.031748 0.634954 2.748670
 84.800000 13.493690 0.000913 0.018252 2.750653
 84.900000 13.389604 0.073807 1.476131 2.752922
 85.000000 13.480323 0.006012 0.120246 2.754665
 85.100000 13.441952 0.029605 0.592098 2.760397
 85.200000 13.465444 0.016448 0.328966 2.759559
 85.300000 13.560309 0.005648 0.112956 2.761549
 85.400000 13.380988 0.111919 2.238371 2.762231
 85.500000 13.585040 0.012771 0.255427 2.765113
 85.600000 13.408791 0.083993 1.679861 2.767894
 85.700000 13.483934 0.017033 0.340664 2.767666
 85.800000 13.521448 0.003063 0.061265 2.772921
 85.900000 13.426825 0.075983 1.519663 2.773649
 86.000000 13.547627 0.000203 0.004062 2.776597
 86.100000 13.446678 0.061852 1.237037 2.779997
 86.200000 13.389784 0.147948 2.958954 2.784098
 86.300000 13.471176 0.044674 0.893472 2.790716
 86.400000 13.430337 0.096971 1.939417 2.793997
 86.500000 13.575624 0.000023 0.000451 2.796292
 86.600000 13.471905 0.055645 1.112909 2.799097
 86.700000 13.548302 0.005444 0.108885 2.801599
 86.800000 13.468547 0.068040 1.360798 2.803036
 86.900000 13.600380 0.000636 0.012724 2.805580
 87.000000 13.452577 0.098593 1.971866 2.808182
 87.100000 13.587481 0.000444 0.008871 2.809591
 87.200000 13.552150 0.011834 0.236687 2.812949
 87.300000 13.546509 0.016931 0.338615 2.813211
 87.400000 13.630417 0.002380 0.047596 2.815300
 87.500000 13.506473 0.056208 1.124168 2.817460
 87.600000 13.554783 0.018983 0.379660 2.818607
 87.700000 13.539666 0.032509 0.650182 2.823594
 87.800000 13.642759 0.001722 0.034443 2.823524
 87.900000 13.585676 0.008999 0.179982 2.825428
 88.000000 13.541055 0.041355 0.827108 2.827812
 88.100000 13.613084 0.002603 0.052058 2.829648
 88.200000 13.560092 0.031766 0.635329 2.831486
 88.300000 13.597486 0.010679 0.213577 2.833314
 88.400000 13.597129 0.012737 0.254734 2.834491
 88.500000 13.658404 0.000238 0.004767 2.837073
 88.600000 13.543598 0.062498 1.249961 2.838409
 88.700000 13.638756 0.002110 0.042205 2.839530
 88.800000 13.705048 0.008756 0.175122 2.841362
 88.900000 13.627342 0.007904 0.158071 2.840254
 89.000000 13.659431 0.000669 0.013384 2.841827
 89.100000 13.644453 0.004635 0.092704 2.843642
 89.200000 13.600372 0.030755 0.615102 2.844717
 89.300000 13.678305 0.000097 0.001931 2.846502
 89.400000 13.676052 0.000556 0.011127 2.847673
 89.500000 13.492068 0.196877 3.937531 2.849918
 89.600000 13.728020 0.005652 0.113030 2.852459
 89.700000 13.618318 0.031986 0.639715 2.854713
 89.800000 13.589028 0.064040 1.280793 2.853527
 89.900000 13.829912 0.076648 1.532952 2.857194
 90.000000 13.543506 0.138602 2.772039 2.859109
 90.100000 13.671724 0.008894 0.177877 2.857511
 90.200000 13.738771 0.002199 0.043976 2.860430
 90.300000 13.636637 0.036179 0.723579 2.862827
 90.400000 13.712093 0.000912 0.018245 2.863332
 90.500000 13.711650 0.001593 0.031863 2.865464
 90.600000 13.647783 0.036651 0.733024 2.866364
 90.700000 13.717588 0.001943 0.038858 2.869475
 90.800000 13.703470 0.007118 0.142358 2.869292
 90.900000 13.807510 0.019475 0.389495 2.870374
 91.000000 13.693366 0.015476 0.309512 2.870222
 91.100000 13.714987 0.007187 0.143742 2.870594
 91.200000 13.752589 0.000089 0.001774 2.871823
 91.300000 13.714852 0.010510 0.210201 2.871848
 91.400000 13.721277 0.009384 0.187684 2.873210
 91.500000 13.781294 0.000818 0.016368 2.875692
 91.600000 13.765814 0.000217 0.004337 2.875815
 91.700000 13.771105 0.000135 0.002699 2.876406
 91.800000 13.747043 0.005497 0.109937 2.878280
 91.900000 13.714628 0.024132 0.482642 2.879077
 92.000000 13.848424 0.018255 0.365103 2.879488
 92.100000 13.743533 0.011697 0.233941 2.879933
 92.200000 13.737573 0.016952 0.339034 2.881039
 92.300000 13.797916 0.000016 0.000318 2.881563
 92.400000 13.730460 0.026748 0.534952 2.883432
 92.500000 13.826607 0.001825 0.036508 2.883778
 92.600000 13.748891 0.019537 0.390742 2.885431
 92.700000 13.745908 0.024076 0.481520 2.885707
 92.800000 13.808862 0.000534 0.010688 2.888039
 92.900000 13.745377 0.030205 0.604093 2.889258
 93.000000 13.810626 0.001340 0.026810 2.891345
 93.100000 13.818330 0.000790 0.015800 2.892394
 93.200000 13.820743 0.000988 0.019760 2.892788
 93.300000 13.768688 0.024508 0.490170 2.894832
 93.400000 13.838581 0.000081 0.001615 2.895945
 93.500000 13.789885 0.016026 0.320524 2.896049
 93.600000 13.903376 0.014032 0.280645 2.896356
 93.700000 13.865297 0.000605 0.012094 2.897136
 93.800000 13.809446 0.011885 0.237697 2.898119
 93.900000 13.898518 0.006632 0.132631 2.896496
 94.000000 13.872516 0.000212 0.004245 2.899540
 94.100000 13.710945 0.126334 2.526680 2.898371
 94.200000 13.927645 0.014496 0.289924 2.900715
 94.300000 13.871096 0.000218 0.004361 2.902476
 94.400000 13.790689 0.041324 0.826472 2.901405
 94.500000 13.913563 0.003938 0.078751 2.904495
 94.600000 13.793543 0.045943 0.918854 2.904948
 94.700000 13.905536 0.000749 0.014973 2.907177
 94.800000 13.876179 0.002209 0.044187 2.907757
 94.900000 13.796775 0.054418 1.088362 2.909782
 95.000000 13.874904 0.004529 0.090579 2.911672
 95.100000 13.832024 0.029550 0.590999 2.915031
 95.200000 13.816455 0.046411 0.928230 2.914322
 95.300000 13.994523 0.030282 0.605646 2.918266
 95.400000 13.774328 0.106978 2.139562 2.920392
 95.500000 13.863507 0.018601 0.372020 2.920793
 95.600000 13.972429 0.009693 0.193858 2.923212
 95.700000 13.842583 0.040246 0.804911 2.926166
 95.800000 13.835768 0.050433 1.008659 2.928274
 95.900000 13.877451 0.019624 0.392490 2.928358
 96.000000 14.005926 0.019174 0.383478 2.931701
 96.100000 13.911407 0.006659 0.133174 2.930915
 96.200000 13.905932 0.010519 0.210384 2.931033
 96.300000 13.997426 0.008705 0.174105 2.931545
 96.400000 13.942952 0.001386 0.027716 2.934420
 96.500000 13.845398 0.069740 1.394809 2.933939
 96.600000 13.916623 0.012891 0.257828 2.937018
 96.700000 13.940084 0.004872 0.097443 2.940402
 96.800000 13.950142 0.003140 0.062793 2.940027
 96.900000 13.997019 0.001605 0.032109 2.939488
 97.000000 13.887060 0.046023 0.920457 2.942032
 97.100000 13.964449 0.002520 0.050404 2.941907
 97.200000 14.027497 0.006733 0.134666 2.942963
 97.300000 13.851218 0.102936 2.058713 2.945024
 97.400000 14.043985 0.010299 0.205981 2.946189
 97.500000 13.893021 0.059928 1.198567 2.948678
 97.600000 14.025087 0.001746 0.034919 2.947908
 97.700000 13.989535 0.002156 0.043117 2.950505
 97.800000 13.976642 0.007053 0.141061 2.950553
 97.900000 13.983248 0.006073 0.121466 2.951208
 98.000000 14.039278 0.001493 0.029853 2.952496
 98.100000 13.969790 0.015742 0.314832 2.953380
 98.200000 13.993300 0.006661 0.133228 2.955714
 98.300000 13.984301 0.012201 0.244028 2.955778
 98.400000 14.015840 0.002368 0.047351 2.959592
 98.500000 13.939776 0.051738 1.034768 2.961027
 98.600000 14.030621 0.001092 0.021841 2.962326
 98.700000 14.059378 0.000508 0.010156 2.962980
 98.800000 13.969187 0.035291 0.705813 2.965444
 98.900000 13.931508 0.078867 1.577342 2.967351
 99.000000 14.050746 0.000526 0.010515 2.969595
 99.100000 14.096549 0.005008 0.100166 2.971416
 99.200000 13.956600 0.062945 1.258894 2.971947
 99.300000 14.074020 0.000009 0.000174 2.971598
 99.400000 14.086481 0.000488 0.009764 2.973826
 99.500000 14.020984 0.017711 0.354213 2.974567
 99.600000 14.095518 0.000618 0.012362 2.974500
 99.700000 14.039575 0.011871 0.237412 2.976042
 99.800000 14.040004 0.013622 0.272447 2.978445
 99.900000 14.105016 0.000398 0.007950 2.978942
 100.000000 14.042466 0.016551 0.331021 2.980457
 100.100000 13.999556 0.054438 1.088764 2.984142
 100.200000 14.049118 0.017218 0.344353 2.984673
 100.300000 14.137054 0.003214 0.064280 2.987401
 100.400000 14.018770 0.046880 0.937596 2.989355
 100.500000 14.146339 0.003602 0.072034 2.989621
 100.600000 14.078532 0.010066 0.201314 2.992146
 100.700000 13.992908 0.090306 1.806118 2.991900
 100.800000 14.230139 0.048945 0.978898 2.992976
 100.900000 14.063778 0.025434 0.508687 2.994743
 101.000000 14.077936 0.018644 0.372885 2.997052
 101.100000 14.174490 0.004989 0.099790 2.997467
 101.200000 14.099941 0.010979 0.219577 3.000276
 101.300000 14.123583 0.003677 0.073535 3.001229
 101.400000 14.090862 0.020313 0.406251 3.003359
 101.500000 14.069942 0.039213 0.784260 3.004965
 101.600000 14.170337 0.000315 0.006300 3.006700
 101.700000 14.130624 0.006364 0.127279 3.008285
 101.800000 14.056613 0.064511 1.290211 3.010756
 101.900000 14.146381 0.003842 0.076832 3.010648
 102.000000 14.232576 0.014893 0.297856 3.012147
 102.100000 14.099160 0.034230 0.684595 3.014338
 102.200000 14.080120 0.055841 1.116827 3.014400
 102.300000 14.251321 0.018986 0.379712 3.016776
 102.400000 14.019653 0.151287 3.025742 3.017489
 102.500000 14.167694 0.004442 0.088838 3.019607
 102.600000 14.177252 0.002916 0.058314 3.022151
 102.700000 14.090744 0.065616 1.312318 3.022050
 102.800000 14.234046 0.003086 0.061730 3.024108
 102.900000 14.302976 0.040389 0.807777 3.023286
 103.000000 14.057248 0.127604 2.552086 3.023689
 103.100000 14.282132 0.018747 0.374934 3.026021
 103.200000 14.186755 0.007237 0.144743 3.027964
 103.300000 14.236241 0.000284 0.005686 3.026803
 103.400000 14.246058 0.000906 0.018111 3.028075
 103.500000 14.090175 0.107056 2.141111 3.030346
 103.600000 14.302751 0.019438 0.388759 3.029524
 103.700000 14.184061 0.018144 0.362878 3.031114
 103.800000 14.239053 0.000418 0.008368 3.030611
 103.900000 14.282986 0.004770 0.095395 3.032108
 104.000000 14.189891 0.021852 0.437041 3.033626
 104.100000 14.226267 0.005656 0.113118 3.032942
 104.200000 14.340086 0.029098 0.581962 3.034637
 104.300000 14.246805 0.002183 0.043660 3.035253
 104.400000 14.285914 0.001024 0.020488 3.033556
 104.500000 14.278669 0.000050 0.001004 3.032622
 104.600000 14.285758 0.000202 0.004042 3.033656
 104.700000 14.245758 0.007047 0.140940 3.033885
 104.800000 14.291253 0.000082 0.001642 3.035293
 104.900000 14.251273 0.007931 0.158618 3.034723
 105.000000 14.276070 0.001792 0.035834 3.035551
 105.100000 14.254398 0.009902 0.198041 3.035717
 105.200000 14.283504 0.001862 0.037234 3.038421
 105.300000 14.323428 0.001399 0.027981 3.037714
 105.400000 14.321477 0.000592 0.011831 3.037490
 105.500000 14.252099 0.019469 0.389389 3.039559
 105.600000 14.298661 0.001948 0.038963 3.038897
 105.700000 14.394821 0.026296 0.525924 3.039036
 105.800000 14.310500 0.001233 0.024650 3.037868
 105.900000 14.339657 0.000457 0.009134 3.037044
 106.000000 14.355310 0.002271 0.045411 3.036617
 106.100000 14.279938 0.016798 0.335959 3.036741
 106.200000 14.339457 0.000027 0.000549 3.038035
 106.300000 14.373053 0.003741 0.074819 3.040344
 106.400000 14.289672 0.017957 0.359140 3.038589
 106.500000 14.453507 0.050007 1.000148 3.038464
 106.600000 14.328655 0.004131 0.082625 3.041517
 106.700000 14.313723 0.011318 0.226353 3.038962
 106.800000 14.438167 0.026621 0.532420 3.040099
 106.900000 14.395885 0.003587 0.071743 3.039958
 107.000000 14.300086 0.026582 0.531640 3.038311
 107.100000 14.490516 0.064543 1.290855 3.038601
 107.200000 14.385296 0.000101 0.002022 3.039056
 107.300000 14.182822 0.203774 4.075477 3.037336
 107.400000 14.551697 0.133002 2.660049 3.038265
 107.500000 14.392022 0.000001 0.000023 3.036757
 107.600000 14.389186 0.000260 0.005204 3.035671
 107.700000 14.469452 0.023910 0.478200 3.035357
 107.800000 14.398441 0.000166 0.003317 3.033841
 107.900000 14.454076 0.010569 0.211376 3.033905
 108.000000 14.414746 0.000038 0.000754 3.036039
 108.100000 14.282333 0.089200 1.784002 3.035803
 108.200000 14.444975 0.003169 0.063378 3.037121
 108.300000 14.427166 0.000060 0.001202 3.037551
 108.400000 14.372913 0.014953 0.299065 3.039284
 108.500000 14.383618 0.011464 0.229271 3.040000
 108.600000 14.418936 0.001355 0.027105 3.039186
 108.700000 14.468576 0.004285 0.085709 3.040349
 108.800000 14.427188 0.001282 0.025639 3.041262
 108.900000 14.380106 0.022441 0.448813 3.040558
 109.000000 14.496587 0.010391 0.207819 3.040361
 109.100000 14.406155 0.011880 0.237608 3.043178
 109.200000 14.415568 0.009345 0.186905 3.042608
 109.300000 14.430505 0.005183 0.103653 3.044475
 109.400000 14.430711 0.006440 0.128802 3.047157
 109.500000 14.385385 0.036223 0.724463 3.047296
 109.600000 14.417289 0.016308 0.326169 3.049595
 109.700000 14.466504 0.000696 0.013916 3.053074
 109.800000 14.482569 0.000001 0.000014 3.052255
 109.900000 14.429659 0.015928 0.318562 3.051425
 110.000000 14.550628 0.018379 0.367580 3.053129
 110.100000 14.432780 0.018678 0.373568 3.055317
 110.200000 14.465896 0.005089 0.101789 3.053641
 110.300000 14.495463 0.000195 0.003890 3.055281
 110.400000 14.447143 0.017086 0.341727 3.055786
 110.500000 14.441882 0.022861 0.457224 3.055727
 110.600000 14.566074 0.013873 0.277453 3.058605
 110.700000 14.490984 0.003463 0.069252 3.058135
 110.800000 14.471331 0.012435 0.248690 3.058414
 110.900000 14.559820 0.006028 0.120551 3.061579
 111.000000 14.438291 0.041140 0.822809 3.061605
 111.100000 14.502957 0.004483 0.089656 3.062086
 111.200000 14.568064 0.004887 0.097745 3.063287
 111.300000 14.506676 0.005788 0.115763 3.063368
 111.400000 14.512993 0.004995 0.099898 3.064045
 111.500000 14.597934 0.012218 0.244369 3.064195
 111.600000 14.546916 0.000150 0.003008 3.064570
 111.700000 14.543363 0.000837 0.016738 3.062749
 111.800000 14.600250 0.008020 0.160396 3.063693
 111.900000 14.504519 0.017750 0.354995 3.064779
 112.000000 14.527378 0.008251 0.165014 3.064432
 112.100000 14.664939 0.043281 0.865626 3.064764
 112.200000 14.517762 0.016842 0.336845 3.065066
 112.300000 14.608087 0.004029 0.080582 3.063226
 112.400000 14.575659 0.000315 0.006307 3.065450
 112.500000 14.483332 0.054255 1.085098 3.066839
 112.600000 14.576635 0.001090 0.021802 3.066049
 112.700000 14.737014 0.100414 2.008286 3.065690
 112.800000 14.479651 0.071460 1.429204 3.064824
 112.900000 14.629428 0.003466 0.069318 3.065629
 113.000000 14.656823 0.012412 0.248233 3.065788
 113.100000 14.517534 0.043586 0.871715 3.066225
 113.200000 14.662945 0.011590 0.231791 3.066657
 113.300000 14.632667 0.000975 0.019508 3.067515
 113.400000 14.600370 0.002471 0.049416 3.067128
 113.500000 14.550183 0.029121 0.582427 3.067418
 113.600000 14.719521 0.039713 0.794255 3.068005
 113.700000 14.610830 0.002754 0.055083 3.069209
 113.800000 14.569674 0.023479 0.469576 3.068907
 113.900000 14.741053 0.048958 0.979161 3.068463
 114.000000 14.692537 0.010829 0.216574 3.069814
 114.100000 14.517665 0.087430 1.748598 3.069379
 114.200000 14.723717 0.024442 0.488839 3.069000
 114.300000 14.667922 0.000522 0.010448 3.070474
 114.400000 14.612440 0.012084 0.241673 3.071532
 114.500000 14.644144 0.002280 0.045607 3.070957
 114.600000 14.639051 0.004605 0.092106 3.072876
 114.700000 14.613630 0.017803 0.356054 3.073508
 114.800000 14.697342 0.002029 0.040572 3.074452
 114.900000 14.608848 0.026102 0.522036 3.076506
 115.000000 14.641793 0.009334 0.186686 3.075454
 115.100000 14.733677 0.010025 0.200497 3.076234
 115.200000 14.652556 0.008098 0.161957 3.076775
 115.300000 14.634766 0.019179 0.383581 3.079096
 115.400000 14.660712 0.007955 0.159104 3.080949
 115.500000 14.628455 0.028915 0.578291 3.082723
 115.600000 14.719989 0.000672 0.013431 3.082428
 115.700000 14.737676 0.003220 0.064393 3.082812
 115.800000 14.689864 0.003468 0.069361 3.082767
 115.900000 14.730608 0.000552 0.011041 3.081761
 116.000000 14.678196 0.010490 0.209796 3.083951
 116.100000 14.727420 0.000001 0.000023 3.084554
 116.200000 14.657073 0.027921 0.558417 3.085759
 116.300000 14.753361 0.001559 0.031190 3.087443
 116.400000 14.627487 0.062846 1.256925 3.088910
 116.500000 14.765484 0.002417 0.048330 3.089906
 116.600000 14.777343 0.004483 0.089659 3.091710
 116.700000 14.743145 0.000333 0.006651 3.093072
 116.800000 14.773612 0.001695 0.033899 3.092354
 116.900000 14.734964 0.002913 0.058256 3.093455
 117.000000 14.738324 0.003045 0.060891 3.094177
 117.100000 14.684876 0.033640 0.672794 3.095206
 117.200000 14.779790 0.000404 0.008081 3.095764
 117.300000 14.824092 0.012198 0.243958 3.096080
 117.400000 14.789810 0.000628 0.012566 3.096179
 117.500000 14.733978 0.011772 0.235436 3.096287
 117.600000 14.805984 0.001918 0.038353 3.095158
 117.700000 14.786101 0.000088 0.001763 3.096813
 117.800000 14.742614 0.013305 0.266107 3.097949
 117.900000 14.818499 0.002081 0.041612 3.098527
 118.000000 14.846183 0.009761 0.195210 3.099121
 118.100000 14.799079 0.000233 0.004652 3.097332
 118.200000 14.800737 0.000411 0.008214 3.099133
 118.300000 14.793835 0.001973 0.039461 3.100019
 118.400000 14.865748 0.011591 0.231826 3.099100
 118.500000 14.890280 0.023653 0.473066 3.098190
 118.600000 14.705838 0.071476 1.429510 3.099708
 118.700000 14.805446 0.002845 0.056903 3.099292
 118.800000 14.959323 0.079535 1.590697 3.098899
 118.900000 14.777574 0.017717 0.354336 3.101119
 119.000000 14.764356 0.029371 0.587428 3.101351
 119.100000 14.959313 0.065452 1.309041 3.101869
 119.200000 14.750033 0.048774 0.975487 3.103080
 119.300000 14.901685 0.011998 0.239951 3.101232
 119.400000 14.855706 0.000004 0.000080 3.101331
 119.500000 14.860328 0.000000 0.000003 3.102689
 119.600000 14.854444 0.000496 0.009912 3.103579
 119.700000 14.956056 0.038505 0.770104 3.102492
 119.800000 14.837400 0.006055 0.121104 3.102195
 119.900000 14.886414 0.000532 0.010638 3.100286
 120.000000 15.019106 0.096753 1.935058 3.100586
 120.100000 14.748575 0.091564 1.831275 3.100717
 120.200000 14.957162 0.024055 0.481108 3.099644
 120.300000 14.896697 0.000125 0.002497 3.101973
 120.400000 14.818587 0.029655 0.593103 3.101496
 120.500000 14.974979 0.028485 0.569706 3.100823
 120.600000 14.922434 0.001812 0.036230 3.101601
 120.700000 14.850991 0.015853 0.317066 3.101072
 120.800000 14.929875 0.001744 0.034877 3.100343
 120.900000 14.940233 0.003158 0.063167 3.101774
 121.000000 14.865498 0.014313 0.286252 3.101232
 121.100000 14.864991 0.016767 0.335340 3.101136
 121.200000 14.991699 0.021059 0.421187 3.104024
 121.300000 14.923523 0.000258 0.005151 3.103116
 121.400000 14.899108 0.006298 0.125968 3.102038
 121.500000 14.990464 0.013501 0.270026 3.102147
 121.600000 14.959831 0.001519 0.030384 3.101745
 121.700000 14.855472 0.041249 0.824972 3.101276
 121.800000 15.034882 0.035855 0.717110 3.102132
 121.900000 14.846093 0.058328 1.166554 3.102412
 122.000000 14.981072 0.002662 0.053232 3.102653
 122.100000 14.939122 0.002594 0.051883 3.104397
 122.200000 14.953967 0.000700 0.014002 3.103361
 122.300000 15.008786 0.007639 0.152772 3.104140
 122.400000 14.895268 0.030680 0.613593 3.104368
 122.500000 15.001118 0.002789 0.055779 3.105979
 122.600000 14.935741 0.010424 0.208474 3.106445
 122.700000 14.934284 0.013013 0.260261 3.105422
 122.800000 15.038537 0.012171 0.243411 3.105369
 122.900000 14.934408 0.017223 0.344470 3.108220
 123.000000 14.929567 0.022736 0.454718 3.108348
 123.100000 15.002354 0.000011 0.000211 3.108959
 123.200000 15.010267 0.000149 0.002989 3.109854
 123.300000 14.976194 0.005283 0.105665 3.109416
 123.400000 15.060033 0.011249 0.224986 3.108487
 123.500000 14.923924 0.042851 0.857026 3.112183
 123.600000 15.000709 0.001939 0.038774 3.110514
 123.700000 15.100626 0.029128 0.582562 3.110752
 123.800000 14.976053 0.013596 0.271926 3.113198
 123.900000 14.965249 0.022345 0.446906 3.112467
 124.000000 15.050169 0.001004 0.020075 3.113003
 124.100000 15.092491 0.013829 0.276582 3.113997
 124.200000 14.904180 0.097469 1.949380 3.114309
 124.300000 15.139309 0.041961 0.839221 3.113028
 124.400000 15.038885 0.000808 0.016167 3.114177
 124.500000 14.907299 0.109818 2.196362 3.116485
 124.600000 15.112024 0.013846 0.276925 3.114952
 124.700000 15.144898 0.033291 0.665825 3.115347
 124.800000 15.022533 0.009976 0.199513 3.115897
 124.900000 14.978713 0.042677 0.853541 3.115930
 125.000000 15.043021 0.005113 0.102266 3.117884
 125.100000 15.090700 0.000696 0.013924 3.120538
 125.200000 15.024824 0.016806 0.336127 3.121263
 125.300000 15.053957 0.005361 0.107211 3.121560
 125.400000 15.098262 0.000294 0.005871 3.121258
 125.500000 15.085531 0.000402 0.008044 3.122466
 125.600000 15.028116 0.024699 0.493988 3.122823
 125.700000 15.087657 0.001072 0.021441 3.124799
 125.800000 15.152941 0.010923 0.218470 3.123395
 125.900000 15.078407 0.005022 0.100444 3.123371
 126.000000 15.147394 0.005576 0.111517 3.122618
 126.100000 15.074951 0.009223 0.184461 3.123292
 126.200000 15.187776 0.021764 0.435288 3.124808
 126.300000 15.007943 0.069334 1.386671 3.125308
 126.400000 15.127515 0.000022 0.000435 3.124349
 126.500000 15.211504 0.030423 0.608458 3.127619
 126.600000 15.059747 0.030150 0.602997 3.126417
 126.700000 15.155503 0.001009 0.020172 3.126120
 126.800000 15.190456 0.010241 0.204813 3.125827
 126.900000 15.075853 0.026826 0.536517 3.126506
 127.000000 15.057462 0.045637 0.912742 3.127778
 127.100000 15.267277 0.060915 1.218304 3.127021
 127.200000 15.149033 0.000692 0.013847 3.129091
 127.300000 15.111961 0.013907 0.278145 3.128597
 127.400000 15.273503 0.055023 1.100469 3.127662
 127.500000 15.167265 0.000137 0.002740 3.130045
 127.600000 15.126352 0.012524 0.250480 3.128848
 127.700000 15.258267 0.030394 0.607879 3.129741
 127.800000 15.096162 0.038754 0.775075 3.130361
 127.900000 15.251084 0.019835 0.396700 3.129770
 128.000000 15.236340 0.009830 0.196602 3.129866
 128.100000 15.165338 0.004670 0.093403 3.129149
 128.200000 15.217856 0.001630 0.032602 3.128461
 128.300000 15.229125 0.003232 0.064645 3.128808
 128.400000 15.158547 0.012031 0.240619 3.127858
 128.500000 15.247697 0.006551 0.131021 3.128027
 128.600000 15.176153 0.007702 0.154031 3.127086
 128.700000 15.201667 0.001555 0.031093 3.128383
 128.800000 15.182487 0.008288 0.165752 3.129044
 128.900000 15.287555 0.018274 0.365478 3.128288
 129.000000 15.223466 0.000284 0.005676 3.128364
 129.100000 15.223011 0.000707 0.014134 3.128296
 129.200000 15.224470 0.001027 0.020534 3.129433
 129.300000 15.222674 0.002005 0.040106 3.128355
 129.400000 15.299977 0.014246 0.284911 3.129217
 129.500000 15.183615 0.022368 0.447354 3.128662
 129.600000 15.277825 0.002744 0.054875 3.128595
 129.700000 15.190908 0.022708 0.454164 3.130767
 129.800000 15.243029 0.001838 0.036753 3.129284
 129.900000 15.294824 0.004125 0.082508 3.131188
 130.000000 15.252802 0.001479 0.029577 3.132312
 130.100000 15.292588 0.001746 0.034925 3.131483
 130.200000 15.253367 0.002985 0.059699 3.132119
 130.300000 15.378245 0.046604 0.932088 3.131372
 130.400000 15.225019 0.018350 0.367005 3.131761
 130.500000 15.320141 0.004694 0.093887 3.130153
 130.600000 15.293523 0.000000 0.000002 3.131227
 130.700000 15.264945 0.005234 0.104686 3.130455
 130.800000 15.381615 0.032333 0.646661 3.130329
 130.900000 15.329331 0.002936 0.058713 3.130381
 131.000000 15.391709 0.034204 0.684082 3.129290
 131.100000 15.263918 0.011996 0.239927 3.127626
 131.200000 15.317015 0.000000 0.000005 3.127962
 131.300000 15.357168 0.006649 0.132989 3.125951
 131.400000 15.360775 0.006543 0.130864 3.126247
 131.500000 15.330040 0.000012 0.000237 3.126023
 131.600000 15.392024 0.017775 0.355507 3.126411
 131.700000 15.286055 0.012623 0.252451 3.126428
 131.800000 15.358490 0.001673 0.033454 3.125636
 131.900000 15.333640 0.000547 0.010942 3.126432
 132.000000 15.412156 0.020580 0.411600 3.126384
 132.100000 15.380883 0.004200 0.084002 3.124597
 132.200000 15.286304 0.024149 0.482974 3.124942
 132.300000 15.390525 0.004751 0.095020 3.125261
 132.400000 15.421280 0.016635 0.332696 3.124804
 132.500000 15.309862 0.016611 0.332218 3.124126
 132.600000 15.378921 0.000283 0.005657 3.124208
 132.700000 15.387836 0.000786 0.015714 3.125573
 132.800000 15.351621 0.003803 0.076062 3.124490
 132.900000 15.400193 0.001461 0.029216 3.124375
 133.000000 15.433620 0.010867 0.217345 3.123902
 133.100000 15.309118 0.033441 0.668826 3.123967
 133.200000 15.455771 0.018587 0.371747 3.124276
 133.300000 15.295273 0.053486 1.069713 3.125634
 133.400000 15.434423 0.005064 0.101272 3.125984
 133.500000 15.442986 0.006656 0.133124 3.125432
 133.600000 15.400690 0.000471 0.009429 3.125367
 133.700000 15.474808 0.018306 0.366126 3.122946
 133.800000 15.349176 0.023822 0.476435 3.123398
 133.900000 15.397967 0.002912 0.058241 3.125037
 134.000000 15.387529 0.007400 0.147999 3.125924
 134.100000 15.356650 0.026828 0.536553 3.128730
 134.200000 15.400411 0.005574 0.111482 3.130285
 134.300000 15.437667 0.000000 0.000000 3.129198
 134.400000 15.325167 0.067783 1.355653 3.133858
 134.500000 15.399803 0.010441 0.208822 3.134263
 134.600000 15.603781 0.119168 2.383360 3.134624
 134.700000 15.350665 0.052670 1.053403 3.133694
 134.800000 15.472188 0.001123 0.022464 3.134611
 134.900000 15.432345 0.004134 0.082683 3.137419
 135.000000 15.415631 0.012187 0.243733 3.137985
 135.100000 15.446935 0.002412 0.048247 3.139661
 135.200000 15.440535 0.005205 0.104102 3.140239
 135.300000 15.455874 0.002169 0.043372 3.138424
 135.400000 15.554385 0.027221 0.544425 3.140985
 135.500000 15.473526 0.000602 0.012043 3.139285
 135.600000 15.443710 0.009986 0.199721 3.142133
 135.700000 15.407302 0.036123 0.722469 3.142239
 135.800000 15.546542 0.012672 0.253431 3.142627
 135.900000 15.386311 0.064739 1.294782 3.143139
 136.000000 15.654775 0.113665 2.273302 3.143161
 136.100000 15.319894 0.176731 3.534624 3.145171
 136.200000 15.515823 0.000081 0.001618 3.145915
 136.300000 15.487833 0.003883 0.077655 3.146410
 136.400000 15.455444 0.020580 0.411596 3.148542
 136.500000 15.511626 0.000705 0.014100 3.150145
 136.600000 15.505405 0.002419 0.048377 3.151413
 136.700000 15.379783 0.114787 2.295738 3.152860
 136.800000 15.642802 0.057891 1.157817 3.155449
 136.900000 15.549890 0.000582 0.011643 3.153910
 137.000000 15.481323 0.019020 0.380409 3.154562
 137.100000 15.485339 0.018949 0.378981 3.155842
 137.200000 15.593311 0.009036 0.180719 3.156065
 137.300000 15.572624 0.001606 0.032128 3.155279
 137.400000 15.553196 0.000146 0.002920 3.155676
 137.500000 15.565883 0.000057 0.001144 3.154692
 137.600000 15.564963 0.000010 0.000207 3.155365
 137.700000 15.529337 0.008390 0.167799 3.153620
 137.800000 15.622201 0.011521 0.230411 3.153556
 137.900000 15.560860 0.001486 0.029721 3.154316
 138.000000 15.643385 0.018841 0.376810 3.154647
 138.100000 15.539154 0.010926 0.218522 3.153914
 138.200000 15.633162 0.009401 0.188029 3.153989
 138.300000 15.565821 0.003886 0.077726 3.154513
 138.400000 15.615525 0.001607 0.032131 3.153869
 138.500000 15.496674 0.054942 1.098841 3.155117
 138.600000 15.619944 0.001058 0.021152 3.154380
 138.700000 15.760720 0.114640 2.292808 3.153503
 138.800000 15.569118 0.009716 0.194324 3.152140
 138.900000 15.627359 0.000526 0.010524 3.152686
 139.000000 15.647841 0.003602 0.072044 3.151678
 139.100000 15.686402 0.018912 0.378249 3.150877
 139.200000 15.488202 0.098839 1.976776 3.150320
 139.300000 15.732773 0.050073 1.001466 3.149645
 139.400000 15.653379 0.001408 0.028154 3.149046
 139.500000 15.629253 0.000632 0.012649 3.148013
 139.600000 15.691916 0.011289 0.225776 3.147101
 139.700000 15.592115 0.015784 0.315679 3.147348
 139.800000 15.663866 0.000681 0.013610 3.147843
 139.900000 15.705456 0.012180 0.243606 3.147933
 140.000000 15.580542 0.031568 0.631361 3.146326
 140.100000 15.723730 0.017898 0.357961 3.147205
 140.200000 15.677130 0.000435 0.008705 3.147638
 140.300000 15.686118 0.001039 0.020789 3.145611
 140.400000 15.674737 0.000004 0.000074 3.146726
 140.500000 15.647256 0.005198 0.103966 3.146266
 140.600000 15.737074 0.014405 0.288092 3.146199
 140.700000 15.678036 0.000429 0.008581 3.145316
 140.800000 15.717956 0.003579 0.071589 3.143990
 140.900000 15.752010 0.016194 0.323877 3.146083
 141.000000 15.539224 0.127642 2.552837 3.145179
 141.100000 15.800474 0.047604 0.952075 3.145822
 141.200000 15.703996 0.000039 0.000786 3.145819
 141.300000 15.729681 0.001801 0.036026 3.146480
 141.400000 15.667547 0.011070 0.221397 3.147304
 141.500000 15.715056 0.000059 0.001186 3.146266
 141.600000 15.688293 0.005816 0.116328 3.148132
 141.700000 15.753713 0.003757 0.075146 3.149130
 141.800000 15.659285 0.025145 0.502895 3.147397
 141.900000 15.792201 0.016879 0.337573 3.148950
 142.000000 15.731798 0.000192 0.003846 3.148741
 142.100000 15.635851 0.056232 1.124633 3.149942
 142.200000 15.787628 0.008748 0.174959 3.149062
 142.300000 15.706157 0.009480 0.189601 3.149147
 142.400000 15.797654 0.009704 0.194079 3.149380
 142.500000 15.718259 0.007699 0.153988 3.149212
 142.600000 15.784982 0.002781 0.055613 3.148499
 142.700000 15.744716 0.002118 0.042370 3.148091
 142.800000 15.772238 0.000046 0.000923 3.148117
 142.900000 15.809562 0.006647 0.132949 3.147108
 143.000000 15.802076 0.003144 0.062878 3.146665
 143.100000 15.776825 0.000083 0.001661 3.146459
 143.200000 15.813998 0.004263 0.085251 3.146580
 143.300000 15.819084 0.004616 0.092320 3.145533
 143.400000 15.790550 0.000021 0.000420 3.145082
 143.500000 15.776709 0.001958 0.039169 3.144766
 143.600000 15.883060 0.034164 0.683275 3.144088
 143.700000 15.723237 0.032856 0.657123 3.143146
 143.800000 15.959094 0.113845 2.276891 3.144632
 143.900000 15.693422 0.070422 1.408446 3.143090
 144.000000 15.934760 0.070520 1.410405 3.142784
 144.100000 15.812240 0.000293 0.005867 3.143386
 144.200000 15.820483 0.000055 0.001101 3.141002
 144.300000 15.959859 0.087331 1.746612 3.142328
 144.400000 15.719511 0.062819 1.256389 3.142328
 144.500000 15.931383 0.045968 0.919355 3.142304
 144.600000 15.799191 0.008084 0.161677 3.142860
 144.700000 15.855184 0.000706 0.014123 3.141507
 144.800000 15.881602 0.005918 0.118350 3.143391
 144.900000 15.686866 0.134864 2.697287 3.144110
 145.000000 15.894676 0.007871 0.157421 3.145442
 145.100000 15.908606 0.012353 0.247067 3.146018
 145.200000 15.828300 0.005951 0.119027 3.143904
 145.300000 15.970316 0.053681 1.073625 3.143247
 145.400000 15.809348 0.018759 0.375176 3.143559
 145.500000 15.799521 0.028109 0.562185 3.144800
 145.600000 15.951816 0.026950 0.538994 3.145383
 145.700000 15.889661 0.000271 0.005418 3.146745
 145.800000 15.789814 0.046452 0.929030 3.146309
 145.900000 15.951206 0.018670 0.373393 3.146336
 146.000000 15.963686 0.024281 0.485619 3.146142
 146.100000 15.833766 0.020566 0.411319 3.145095
 146.200000 15.890226 0.000670 0.013396 3.145417
 146.300000 15.907906 0.000024 0.000487 3.147487
 146.400000 15.955159 0.010378 0.207559 3.144535
 146.500000 15.912285 0.000007 0.000148 3.145119
 146.600000 15.860132 0.016398 0.327959 3.144812
 146.700000 15.948743 0.003766 0.075312 3.145786
 146.800000 15.970788 0.010391 0.207827 3.146144
 146.900000 15.924818 0.000092 0.001833 3.144981
 147.000000 15.897118 0.006438 0.128752 3.145327
 147.100000 15.947172 0.000528 0.010551 3.145967
 147.200000 15.874290 0.022118 0.442360 3.146642
 147.300000 15.971178 0.003505 0.070107 3.146079
 147.400000 15.942546 0.000183 0.003664 3.146277
 147.500000 15.986887 0.005912 0.118246 3.146356
 147.600000 15.948257 0.000332 0.006630 3.146615
 147.700000 15.948961 0.000643 0.012856 3.144611
 147.800000 16.056412 0.042515 0.850301 3.146209
 147.900000 15.868992 0.049112 0.982239 3.145413
 148.000000 15.987164 0.001150 0.022994 3.144643
 148.100000 16.001406 0.003253 0.065056 3.147979
 148.200000 15.889376 0.040882 0.817644 3.146490
 148.300000 16.056117 0.026221 0.524426 3.146189
 148.400000 15.952654 0.006106 0.122126 3.149230
 148.500000 15.894089 0.047444 0.948886 3.149495
 148.600000 16.030620 0.006202 0.124045 3.150305
 148.700000 15.960491 0.007531 0.150615 3.151345
 148.800000 15.991164 0.000724 0.014488 3.151812
 148.900000 15.989378 0.001570 0.031406 3.153603
 149.000000 16.002543 0.000358 0.007152 3.153149
 149.100000 16.069157 0.014719 0.294381 3.152029
 149.200000 15.926447 0.042645 0.852900 3.155266
 149.300000 16.106069 0.034752 0.695039 3.153617
 149.400000 16.014306 0.000756 0.015115 3.155272
 149.500000 16.020773 0.000473 0.009461 3.152905
 149.600000 16.065819 0.004936 0.098714 3.152383
 149.700000 16.035382 0.000043 0.000852 3.152832
 149.800000 16.012918 0.004287 0.085746 3.152894
 149.900000 16.012495 0.005647 0.112933 3.154236
 150.000000 16.039781 0.000522 0.010443 3.155894
 150.100000 16.016026 0.007172 0.143441 3.157387
 150.200000 16.019341 0.007395 0.147906 3.158852
 150.300000 16.016045 0.010422 0.208434 3.158193
 150.400000 16.061554 0.000082 0.001637 3.159964
 150.500000 16.049361 0.002028 0.040557 3.161022
 150.600000 16.031096 0.008948 0.178960 3.160975
 150.700000 16.169247 0.042272 0.845431 3.160391
 150.800000 16.050936 0.004580 0.091591 3.160118
 150.900000 16.023093 0.019225 0.384493 3.159580
 151.000000 16.160773 0.025757 0.515140 3.159360
 151.100000 16.140596 0.011374 0.227486 3.160340
 151.200000 15.971590 0.078387 1.567743 3.159469
 151.300000 16.084292 0.001346 0.026921 3.160389
 151.400000 16.211124 0.056737 1.134736 3.162326
 151.500000 16.021399 0.037933 0.758653 3.161441
 151.600000 16.135717 0.002718 0.054367 3.161069
 151.700000 16.166321 0.012511 0.250212 3.161547
 151.800000 16.094657 0.003262 0.065247 3.160828
 151.900000 16.144251 0.002030 0.040607 3.161488
 152.000000 16.139923 0.000711 0.014216 3.160583
 152.100000 16.021050 0.061439 1.228775 3.161747
 152.200000 16.234106 0.048320 0.966399 3.161765
 152.300000 16.090590 0.012059 0.241184 3.162076
 152.400000 16.121346 0.002476 0.049523 3.159761
 152.500000 16.280367 0.088269 1.765373 3.160991
 152.600000 16.082255 0.023905 0.478107 3.160376
 152.700000 16.161110 0.000169 0.003376 3.159608
 152.800000 16.169921 0.000575 0.011494 3.159057
 152.900000 16.122798 0.008121 0.162427 3.159385
 153.000000 16.181772 0.001091 0.021823 3.160144
 153.100000 16.187564 0.001388 0.027767 3.159924
 153.200000 16.214979 0.008072 0.161437 3.158445
 153.300000 16.151680 0.003650 0.073007 3.158533
 153.400000 16.115059 0.022809 0.456179 3.159010
 153.500000 16.151281 0.006202 0.124035 3.161102
 153.600000 16.261679 0.025404 0.508076 3.163303
 153.700000 16.133478 0.018497 0.369936 3.161999
 153.800000 16.095655 0.052577 1.051547 3.164514
 153.900000 16.215853 0.000946 0.018914 3.167238
 154.000000 16.188379 0.001552 0.031049 3.166143
 154.100000 16.343315 0.088998 1.779960 3.163562
 154.200000 16.123648 0.040637 0.812733 3.165826
 154.300000 16.146451 0.025382 0.507636 3.165197
 154.400000 16.305165 0.034915 0.698304 3.165976
 154.500000 16.166259 0.017547 0.350945 3.166033
 154.600000 16.200241 0.004251 0.085025 3.166518
 154.700000 16.278414 0.010176 0.203528 3.168956
 154.800000 16.184732 0.013765 0.275291 3.168486
 154.900000 16.275440 0.005896 0.117924 3.166402
 155.000000 16.309622 0.020880 0.417594 3.166289
 155.100000 16.205491 0.009422 0.188431 3.165828
 155.200000 16.237756 0.001132 0.022631 3.165068
 155.300000 16.269817 0.000860 0.017204 3.167146
 155.400000 16.260974 0.000001 0.000014 3.166984
 155.500000 16.243821 0.002138 0.042762 3.167030
 155.600000 16.304541 0.006531 0.130621 3.167852
 155.700000 16.297512 0.003178 0.063564 3.164721
 155.800000 16.282573 0.000203 0.004061 3.167244
 155.900000 16.283730 0.000066 0.001318 3.165246
 156.000000 16.296289 0.000755 0.015102 3.165373
 156.100000 16.300539 0.000799 0.015975 3.164074
 156.200000 16.237225 0.014892 0.297843 3.164651
 156.300000 16.396395 0.050697 1.013946 3.164765
 156.400000 16.285084 0.001054 0.021072 3.164041
 156.500000 16.249364 0.014654 0.293075 3.164256
 156.600000 16.395518 0.038824 0.776485 3.163776
 156.700000 16.322410 0.000617 0.012342 3.163970
 156.800000 16.366267 0.013039 0.260787 3.162153
 156.900000 16.270517 0.011802 0.236032 3.160421
 157.000000 16.406295 0.034690 0.693801 3.160701
 157.100000 16.297761 0.004246 0.084910 3.161180
 157.200000 16.401988 0.025338 0.506769 3.159393
 157.300000 16.383548 0.011931 0.238610 3.159152
 157.400000 16.408034 0.024105 0.482101 3.155355
 157.500000 16.336611 0.000173 0.003469 3.153294
 157.600000 16.451411 0.055136 1.102728 3.154048
 157.700000 16.262835 0.038250 0.765008 3.153899
 157.800000 16.370137 0.001270 0.025399 3.152505
 157.900000 16.416393 0.016990 0.339802 3.151466
 158.000000 16.346973 0.001129 0.022582 3.150435
 158.100000 16.435076 0.023926 0.478525 3.149998
 158.200000 16.254640 0.066310 1.326190 3.150065
 158.300000 16.456112 0.033959 0.679176 3.149739
 158.400000 16.352458 0.003161 0.063215 3.151844
 158.500000 16.332790 0.011864 0.237270 3.150561
 158.600000 16.442468 0.016284 0.325674 3.153711
 158.700000 16.381661 0.000292 0.005836 3.153660
 158.800000 16.372550 0.002132 0.042641 3.154763
 158.900000 16.420002 0.002623 0.052451 3.152253
 159.000000 16.428841 0.003876 0.077511 3.152496
 159.100000 16.346541 0.017029 0.340572 3.153337
 159.200000 16.357935 0.012936 0.258729 3.153212
 159.300000 16.411265 0.000010 0.000206 3.154624
 159.400000 16.400130 0.001356 0.027126 3.153172
 159.500000 16.380627 0.007949 0.158985 3.155293
 159.600000 16.435786 0.000648 0.012965 3.157257
 159.700000 16.456311 0.003923 0.078462 3.158291
 159.800000 16.362298 0.024431 0.488627 3.158790
 159.900000 16.399189 0.006812 0.136242 3.158656
 160.000000 16.448843 0.000391 0.007820 3.159694
 160.100000 16.463655 0.001951 0.039024 3.161513
 160.200000 16.390322 0.016518 0.330368 3.160371
 160.300000 16.543421 0.042064 0.841271 3.159249
 160.400000 16.379982 0.028590 0.571803 3.160506
 160.500000 16.501062 0.008637 0.172744 3.158028
 160.600000 16.490029 0.003546 0.070911 3.157501
 160.700000 16.441198 0.003407 0.068131 3.159232
 160.800000 16.510858 0.007864 0.157276 3.158866
 160.900000 16.509290 0.005845 0.116893 3.158269
 161.000000 16.480041 0.000005 0.000108 3.160008
 161.100000 16.482851 0.000000 0.000000 3.160654
 161.200000 16.469085 0.001569 0.031383 3.158439
 161.300000 16.534536 0.009608 0.192157 3.159752
 161.400000 16.479015 0.001214 0.024288 3.160573
 161.500000 16.469953 0.004075 0.081491 3.159838
 161.600000 16.452893 0.012255 0.245096 3.159997
 161.700000 16.542536 0.006565 0.131308 3.160618
 161.800000 16.456095 0.014637 0.292740 3.161816
 161.900000 16.523918 0.000482 0.009640 3.161837
 162.000000 16.499930 0.001633 0.032651 3.160916
 162.100000 16.577155 0.015265 0.305308 3.162047
 162.200000 16.472333 0.014293 0.285869 3.160956
 162.300000 16.572363 0.009101 0.182016 3.161048
 162.400000 16.552747 0.001833 0.036659 3.162941
 162.500000 16.432819 0.054791 1.095819 3.162115
 162.600000 16.630504 0.039697 0.793945 3.161896
 162.700000 16.542015 0.000054 0.001079 3.162921
 162.800000 16.563621 0.001040 0.020796 3.163191
 162.900000 16.549629 0.000060 0.001205 3.161454
 163.000000 16.558559 0.000012 0.000243 3.161094
 163.100000 16.584195 0.002713 0.054268 3.159841
 163.200000 16.539657 0.003161 0.063217 3.159854
 163.300000 16.657046 0.039026 0.780510 3.158936
 163.400000 16.604878 0.005209 0.104187 3.156342
 163.500000 16.576657 0.000000 0.000002 3.156880
 163.600000 16.579561 0.000004 0.000070 3.156184
 163.700000 16.545690 0.007454 0.149073 3.155231
 163.800000 16.614230 0.003388 0.067755 3.155921
 163.900000 16.633665 0.008638 0.172763 3.156279
 164.000000 16.627034 0.004816 0.096311 3.155189
 164.100000 16.650348 0.012725 0.254503 3.152756
 164.200000 16.540142 0.020262 0.405236 3.152316
 164.300000 16.650688 0.009240 0.184794 3.152024
 164.400000 16.656268 0.009976 0.199525 3.150933
 164.500000 16.616253 0.000003 0.000057 3.150166
 164.600000 16.665278 0.010524 0.210481 3.149681
 164.700000 16.642490 0.001841 0.036827 3.148371
 164.800000 16.590235 0.006832 0.136642 3.148991
 164.900000 16.660199 0.004234 0.084675 3.148474
 165.000000 16.560192 0.027981 0.559619 3.148446
 165.100000 16.701274 0.019452 0.389048 3.147216
 165.200000 16.652583 0.000479 0.009570 3.148323
 165.300000 16.591057 0.015481 0.309611 3.149834
 165.400000 16.660620 0.000502 0.010041 3.150903
 165.500000 16.598952 0.015428 0.308555 3.149933
 165.600000 16.609531 0.011941 0.238814 3.151873
 165.700000 16.744011 0.033384 0.667675 3.151401
 165.800000 16.680850 0.001073 0.021463 3.151484
 165.900000 16.625075 0.010136 0.202727 3.150150
 166.000000 16.756791 0.034272 0.685441 3.152597
 166.100000 16.638484 0.007768 0.155362 3.152631
 166.200000 16.596000 0.036809 0.736172 3.152294
 166.300000 16.701308 0.001218 0.024360 3.153557
 166.400000 16.662715 0.003614 0.072282 3.155117
 166.500000 16.749016 0.015410 0.308204 3.153201
 166.600000 16.724309 0.003620 0.072408 3.153589
 166.700000 16.692527 0.000385 0.007697 3.153774
 166.800000 16.661890 0.009379 0.187578 3.152254
 166.900000 16.724430 0.001175 0.023501 3.152802
 167.000000 16.739656 0.003553 0.071052 3.151505
 167.100000 16.761023 0.009734 0.194680 3.152208
 167.200000 16.673408 0.011230 0.224601 3.152660
 167.300000 16.698112 0.003534 0.070690 3.153026
 167.400000 16.710223 0.001689 0.033773 3.152862
 167.500000 16.740013 0.000282 0.005644 3.151444
 167.600000 16.758784 0.002505 0.050102 3.152172
 167.700000 16.762180 0.002394 0.047874 3.153335
 167.800000 16.667477 0.029432 0.588638 3.151534
 167.900000 16.826464 0.030704 0.614087 3.150238
 168.000000 16.830235 0.030604 0.612076 3.151856
 168.100000 16.622099 0.089513 1.790270 3.149379
 168.200000 16.878750 0.070746 1.414915 3.148923
 168.300000 16.847202 0.034863 0.697258 3.147951
 168.400000 16.691239 0.029155 0.583101 3.148497
 168.500000 16.788324 0.001415 0.028306 3.148706
 168.600000 16.792332 0.001433 0.028668 3.148308
 168.700000 16.801211 0.002401 0.048011 3.148191
 168.800000 16.762003 0.002247 0.044933 3.148294
 168.900000 16.865240 0.030529 0.610581 3.147836
 169.000000 16.734474 0.015976 0.319521 3.148172
 169.100000 16.714829 0.032057 0.641136 3.147919
 169.200000 16.878292 0.031595 0.631899 3.147270
 169.300000 16.840745 0.007237 0.144741 3.146909
 169.400000 16.842122 0.006309 0.126180 3.146789
 169.500000 16.803229 0.000264 0.005286 3.144656
 169.600000 16.849800 0.006266 0.125314 3.145751
 169.700000 16.840318 0.002424 0.048477 3.143972
 169.800000 16.843615 0.002293 0.045860 3.143237
 169.900000 16.849353 0.002704 0.054072 3.142680
 170.000000 16.857195 0.003698 0.073957 3.142064
 170.100000 16.824194 0.000471 0.009421 3.140697
 170.200000 16.892221 0.014808 0.296161 3.140577
 170.300000 16.893960 0.013655 0.273106 3.140114
 170.400000 16.836655 0.000400 0.008001 3.140660
 170.500000 16.878769 0.004283 0.085666 3.139544
 170.600000 16.825324 0.003941 0.078824 3.139431
 170.700000 16.928503 0.025350 0.506992 3.141144
 170.800000 16.855508 0.000162 0.003240 3.139352
 170.900000 16.812779 0.013688 0.273751 3.138820
 171.000000 16.896533 0.003790 0.075809 3.140588
 171.100000 16.855730 0.001474 0.029480 3.141002
 171.200000 16.872986 0.000073 0.001454 3.140838
 171.300000 16.933296 0.013832 0.276631 3.141397
 171.400000 16.901156 0.001370 0.027409 3.141815
 171.500000 16.805881 0.034129 0.682588 3.142387
 171.600000 16.955842 0.020124 0.402489 3.142268
 171.700000 16.921655 0.003214 0.064287 3.143701
 171.800000 16.764199 0.092482 1.849635 3.143390
 171.900000 16.913994 0.000489 0.009789 3.143137
 172.000000 16.993603 0.036640 0.732792 3.142260
 172.100000 16.930381 0.001708 0.034153 3.141731
 172.200000 16.891932 0.002848 0.056966 3.140743
 172.300000 17.021708 0.052028 1.040555 3.142428
 172.400000 16.864842 0.017262 0.345250 3.139623
 172.500000 16.932154 0.000108 0.002166 3.138351
 172.600000 16.934448 0.000046 0.000929 3.140372
 172.700000 16.917174 0.001643 0.032854 3.139425
 172.800000 16.897975 0.008497 0.169948 3.138577
 172.900000 17.000070 0.016228 0.324558 3.140639
 173.000000 17.027792 0.032637 0.652736 3.140083
 173.100000 16.968897 0.001619 0.032388 3.138907
 173.200000 16.949574 0.000137 0.002731 3.138273
 173.300000 16.967555 0.000392 0.007841 3.139236
 173.400000 16.918675 0.009647 0.192937 3.139389
 173.500000 16.968390 0.000018 0.000357 3.138739
 173.600000 17.029380 0.017393 0.347860 3.138754
 173.700000 16.932882 0.008577 0.171546 3.138400
 173.800000 16.959883 0.001677 0.033549 3.138827
 173.900000 17.007351 0.003188 0.063760 3.140551
 174.000000 16.876660 0.059777 1.195532 3.140103
 174.100000 17.056101 0.021913 0.438264 3.140300
 174.200000 17.008142 0.001028 0.020570 3.141371
 174.300000 16.958250 0.007782 0.155634 3.140024
 174.400000 17.034961 0.005565 0.111299 3.138896
 174.500000 16.982488 0.002648 0.052953 3.142450
 174.600000 16.922176 0.038040 0.760808 3.144104
 174.700000 16.959793 0.014315 0.286297 3.143925
 174.800000 17.110599 0.043617 0.872335 3.143454
 174.900000 16.937633 0.034834 0.696675 3.144648
 175.000000 17.024143 0.000004 0.000073 3.146866
 175.100000 16.976556 0.013700 0.273994 3.146747
 175.200000 17.058027 0.003182 0.063640 3.148842
 175.300000 16.970398 0.021980 0.439596 3.149347
 175.400000 17.096827 0.015807 0.316146 3.149176
 175.500000 16.979427 0.021172 0.423445 3.150382
 175.600000 17.032317 0.001293 0.025866 3.150644
 175.700000 17.166921 0.065690 1.313796 3.151077
 175.800000 16.973198 0.034446 0.688925 3.151425
 175.900000 16.991971 0.023208 0.464156 3.150482
 176.000000 17.071327 0.000268 0.005368 3.150801
 176.100000 17.161374 0.043687 0.873740 3.153727
 176.200000 17.000465 0.025443 0.508866 3.152721
 176.300000 17.116931 0.008500 0.170001 3.151074
 176.400000 16.998234 0.033102 0.662040 3.153415
 176.500000 17.137965 0.014832 0.296641 3.153839
 176.600000 17.049600 0.007144 0.142885 3.155444
 176.700000 17.034541 0.016108 0.322159 3.154180
 176.800000 17.092641 0.000033 0.000655 3.153972
 176.900000 17.088663 0.000545 0.010893 3.157025
 177.000000 17.129065 0.003397 0.067939 3.155812
 177.100000 17.066503 0.008160 0.163192 3.155256
 177.200000 17.050118 0.018412 0.368235 3.157972
 177.300000 17.089717 0.003121 0.062416 3.159535
 177.400000 17.172823 0.014701 0.294015 3.157408
 177.500000 17.061838 0.018399 0.367984 3.161937
 177.600000 17.058517 0.023040 0.460807 3.162335
 177.700000 17.148697 0.001692 0.033845 3.161452
 177.800000 17.140781 0.000217 0.004331 3.163232
 177.900000 17.175296 0.006918 0.138355 3.162903
 178.000000 16.973585 0.141817 2.836349 3.161957
 178.100000 17.258722 0.063644 1.272870 3.162374
 178.200000 17.105059 0.010009 0.200176 3.165976
 178.300000 17.065677 0.038740 0.774803 3.163976
 178.400000 17.290389 0.088165 1.763291 3.166518
 178.500000 17.065996 0.045605 0.912100 3.166908
 178.600000 17.067711 0.047715 0.954308 3.166795
 178.700000 17.175908 0.000218 0.004366 3.168058
 178.800000 17.122483 0.012861 0.257223 3.168510
 178.900000 17.169352 0.000300 0.006003 3.167925
 179.000000 17.207961 0.003634 0.072689 3.167014
 179.100000 17.230604 0.010444 0.208882 3.168745
 179.200000 17.078449 0.060886 1.217726 3.166339
 179.300000 17.314121 0.073715 1.474307 3.167536
 179.400000 17.205705 0.000415 0.008291 3.169674
 179.500000 17.108653 0.042179 0.843590 3.166805
 179.600000 17.314714 0.060846 1.216924 3.168179
 179.700000 17.038322 0.144462 2.889246 3.168509
 179.800000 17.332346 0.072176 1.443514 3.167724
 179.900000 17.151096 0.021128 0.422557 3.169231
 180.000000 17.168637 0.013191 0.263812 3.170306
 180.100000 17.272900 0.012005 0.240100 3.169443
 180.200000 17.253917 0.003410 0.068209 3.170175
 180.300000 17.198041 0.005665 0.113294 3.169267
 180.400000 17.271931 0.006600 0.131991 3.170967
 180.500000 17.215661 0.002841 0.056830 3.169866
 180.600000 17.189038 0.014776 0.295528 3.170640
 180.700000 17.208733 0.007437 0.148739 3.172739
 180.800000 17.228338 0.002613 0.052268 3.175250
 180.900000 17.226561 0.004072 0.081448 3.174562
 181.000000 17.360693 0.051708 1.034152 3.173667
 181.100000 17.236453 0.003497 0.069942 3.173971
 181.200000 17.169974 0.046876 0.937525 3.172545
 181.300000 17.262171 0.000364 0.007275 3.174582
 181.400000 17.322502 0.011473 0.229461 3.175218
 181.500000 17.215365 0.019930 0.398608 3.174772
 181.600000 17.386061 0.053728 1.074568 3.176029
 181.700000 17.201649 0.035829 0.716581 3.176263
 181.800000 17.228810 0.018844 0.376879 3.175690
 181.900000 17.377582 0.034846 0.696927 3.177278
 182.000000 17.231464 0.022135 0.442703 3.176770
 182.100000 17.350723 0.011918 0.238367 3.177668
 182.200000 17.281250 0.003014 0.060271 3.177753
 182.300000 17.285386 0.002956 0.059118 3.178259
 182.400000 17.332882 0.001859 0.037178 3.178648
 182.500000 17.379390 0.019152 0.383040 3.179452
 182.600000 17.244548 0.029531 0.590623 3.179531
 182.700000 17.225755 0.049546 0.990923 3.181866
 182.800000 17.437713 0.058876 1.177518 3.182040
 182.900000 17.271023 0.019268 0.385352 3.182276
 183.000000 17.228786 0.058551 1.171025 3.181596
 183.100000 17.338319 0.000033 0.000666 3.184265
 183.200000 17.304525 0.008111 0.162211 3.185055
 183.300000 17.350736 0.000021 0.000414 3.186863
 183.400000 17.363982 0.000648 0.012955 3.185451
 183.500000 17.218888 0.094686 1.893713 3.186906
 183.600000 17.424132 0.020309 0.406179 3.188737
 183.700000 17.358211 0.000185 0.003708 3.189685
 183.800000 17.291202 0.029643 0.592869 3.188902
 183.900000 17.317410 0.014955 0.299100 3.192411
 184.000000 17.448468 0.026258 0.525163 3.192826
 184.100000 17.352923 0.003639 0.072776 3.191304
 184.200000 17.354793 0.004207 0.084143 3.191612
 184.300000 17.421752 0.005798 0.115951 3.194235
 184.400000 17.316236 0.028399 0.567975 3.194058
 184.500000 17.407360 0.000703 0.014066 3.194156
 184.600000 17.413918 0.001054 0.021077 3.196290
 184.700000 17.304233 0.049071 0.981429 3.195080
 184.800000 17.483605 0.029189 0.583779 3.196773
 184.900000 17.390099 0.002205 0.044105 3.198167
 185.000000 17.392483 0.002535 0.050701 3.195710
 185.100000 17.457784 0.007560 0.151199 3.197432
 185.200000 17.352599 0.024641 0.492821 3.198691
 185.300000 17.449886 0.002688 0.053758 3.196970
 185.400000 17.426607 0.000080 0.001594 3.199587
 185.500000 17.396946 0.007052 0.141032 3.199875
 185.600000 17.429059 0.000436 0.008726 3.199256
 185.700000 17.441829 0.000001 0.000022 3.200512
 185.800000 17.361198 0.036127 0.722541 3.202242
 185.900000 17.444966 0.000132 0.002636 3.202436
 186.000000 17.520337 0.022003 0.440066 3.201199
 186.100000 17.471555 0.000932 0.018646 3.201330
 186.200000 17.333725 0.082016 1.640311 3.202548
 186.300000 17.468949 0.000053 0.001056 3.203324
 186.400000 17.479114 0.000453 0.009052 3.204705
 186.500000 17.402861 0.024949 0.498981 3.205252
 186.600000 17.539093 0.019030 0.380597 3.206437
 186.700000 17.374220 0.057331 1.146619 3.206084
 186.800000 17.468313 0.001426 0.028517 3.206672
 186.900000 17.483269 0.000170 0.003400 3.207774
 187.000000 17.537563 0.009929 0.198587 3.210163
 187.100000 17.385220 0.062362 1.247248 3.209231
 187.200000 17.494993 0.000169 0.003372 3.209925
 187.300000 17.582581 0.030327 0.606547 3.210045
 187.400000 17.422819 0.036792 0.735841 3.209435
 187.500000 17.496170 0.001333 0.026666 3.210661
 187.600000 17.568523 0.013584 0.271678 3.211372
 187.700000 17.452917 0.022702 0.454040 3.211400
 187.800000 17.575437 0.013126 0.262520 3.212328
 187.900000 17.483712 0.009852 0.197032 3.212917
 188.000000 17.448047 0.035241 0.704813 3.214751
 188.100000 17.601346 0.021416 0.428322 3.215160
 188.200000 17.527653 0.000738 0.014756 3.217069
 188.300000 17.475026 0.023581 0.471617 3.218130
 188.400000 17.528629 0.001799 0.035988 3.217740
 188.500000 17.568291 0.001410 0.028194 3.218164
 188.600000 17.584217 0.004152 0.083041 3.218203
 188.700000 17.473823 0.036532 0.730639 3.220007
 188.800000 17.617779 0.014894 0.297886 3.218876
 188.900000 17.482374 0.035893 0.717852 3.221970
 189.000000 17.521905 0.012052 0.241033 3.222266
 189.100000 17.573671 0.000008 0.000151 3.223514
 189.200000 17.574692 0.000084 0.001687 3.224550
 189.300000 17.541665 0.008419 0.168384 3.223830
 189.400000 17.570299 0.001329 0.026574 3.226669
 189.500000 17.598607 0.000329 0.006572 3.225355
 189.600000 17.581311 0.000857 0.017132 3.224667
 189.700000 17.608532 0.000523 0.010469 3.225978
 189.800000 17.554322 0.011462 0.229234 3.226483
 189.900000 17.573158 0.005426 0.108515 3.228330
 190.000000 17.574799 0.006195 0.123909 3.228993
 190.100000 17.558156 0.015537 0.310744 3.229168
 190.200000 17.590241 0.003798 0.075952 3.230753
 190.300000 17.648055 0.003473 0.069460 3.232186
 190.400000 17.650064 0.002992 0.059849 3.231560
 190.500000 17.471096 0.125458 2.509169 3.232805
 190.600000 17.717277 0.035177 0.703543 3.233929
 190.700000 17.657642 0.002069 0.041382 3.235253
 190.800000 17.599993 0.008490 0.169800 3.235165
 190.900000 17.649128 0.000081 0.001623 3.235625
 191.000000 17.639305 0.000470 0.009399 3.235044
 191.100000 17.636825 0.001292 0.025841 3.236952
 191.200000 17.652091 0.000111 0.002217 3.238274
 191.300000 17.537158 0.076313 1.526260 3.237094
 191.400000 17.781015 0.067762 1.355242 3.239803
 191.500000 17.654540 0.000974 0.019488 3.240946
 191.600000 17.559188 0.064085 1.281690 3.241576
 191.700000 17.784289 0.058308 1.166157 3.243513
 191.800000 17.545525 0.090687 1.813735 3.244253
 191.900000 17.781914 0.047838 0.956761 3.244151
 192.000000 17.721767 0.005701 0.114018 3.244737
 192.100000 17.703786 0.000706 0.014128 3.242758
 192.200000 17.724583 0.004142 0.082847 3.242177
 192.300000 17.730393 0.004710 0.094208 3.241062
 192.400000 17.723439 0.001968 0.039359 3.239568
 192.500000 17.778648 0.025310 0.506207 3.241037
 192.600000 17.602665 0.059116 1.182324 3.239525
 192.700000 17.845913 0.085299 1.705988 3.239772
 192.800000 17.559187 0.128022 2.560432 3.239632
 192.900000 17.722273 0.000003 0.000068 3.240805
 193.000000 17.784276 0.016403 0.328057 3.242741
 193.100000 17.703099 0.003864 0.077289 3.241123
 193.200000 17.774308 0.007805 0.156090 3.240448
 193.300000 17.745677 0.000243 0.004869 3.239350
 193.400000 17.745941 0.000056 0.001116 3.237795
 193.500000 17.866353 0.071824 1.436479 3.236760
 193.600000 17.690072 0.018198 0.363950 3.235296
 193.700000 17.735879 0.001697 0.033933 3.235481
 193.800000 17.841696 0.034858 0.697159 3.235477
 193.900000 17.724825 0.006947 0.138945 3.233676
 194.000000 17.793974 0.003913 0.078257 3.233794
 194.100000 17.836118 0.021924 0.438489 3.235098
 194.200000 17.714190 0.017767 0.355335 3.233811
 194.300000 17.794278 0.001374 0.027484 3.234450
 194.400000 17.780143 0.000011 0.000212 3.233339
 194.500000 17.778530 0.000243 0.004859 3.234617
 194.600000 17.710305 0.031280 0.625603 3.233533
 194.700000 17.747267 0.010595 0.211904 3.236468
 194.800000 17.855653 0.017084 0.341674 3.235812
 194.900000 17.728249 0.026536 0.530726 3.236999
 195.000000 17.813084 0.000327 0.006535 3.236561
 195.100000 17.855831 0.011012 0.220249 3.238564
 195.200000 17.800281 0.000784 0.015672 3.236696
 195.300000 17.813782 0.000043 0.000851 3.236719
 195.400000 17.855929 0.006241 0.124814 3.236807
 195.500000 17.790457 0.005795 0.115895 3.236582
 195.600000 17.852151 0.002820 0.056409 3.237269
 195.700000 17.800806 0.004959 0.099188 3.237336
 195.800000 17.878675 0.009021 0.180416 3.236442
 195.900000 17.856950 0.001420 0.028394 3.236492
 196.000000 17.811629 0.005239 0.104790 3.234400
 196.100000 17.855916 0.000321 0.006426 3.235836
 196.200000 17.863553 0.000691 0.013813 3.236157
 196.300000 17.895866 0.008067 0.161333 3.232765
 196.400000 17.823798 0.006409 0.128178 3.234282
 196.500000 17.797138 0.022020 0.440398 3.233162
 196.600000 18.009448 0.100888 2.017766 3.232313
 196.700000 17.804581 0.022257 0.445139 3.233545
 196.800000 17.815569 0.017779 0.355584 3.232287
 196.900000 17.916113 0.006850 0.137000 3.233966
 197.000000 17.910080 0.003667 0.073334 3.234539
 197.100000 17.824864 0.019242 0.384840 3.233193
 197.200000 17.861750 0.004220 0.084391 3.233482
 197.300000 17.909170 0.001047 0.020938 3.234155
 197.400000 17.840317 0.016985 0.339693 3.234608
 197.500000 17.907560 0.000128 0.002560 3.235512
 197.600000 17.854196 0.013626 0.272524 3.235752
 197.700000 17.942671 0.005239 0.104790 3.237640
 197.800000 17.859659 0.014874 0.297475 3.237331
 197.900000 17.915397 0.000037 0.000731 3.237779
 198.000000 17.942790 0.002161 0.043223 3.238085
 198.100000 17.923470 0.000030 0.000590 3.239636
 198.200000 17.892325 0.007022 0.140437 3.238864
 198.300000 17.979243 0.010371 0.207412 3.240189
 198.400000 17.782367 0.120486 2.409721 3.242364
 198.500000 17.918072 0.002744 0.054886 3.243885
 198.600000 17.985230 0.007932 0.158644 3.245180
 198.700000 17.883833 0.021430 0.428599 3.245979
 198.800000 17.926432 0.003583 0.071655 3.246873
 198.900000 17.878932 0.030551 0.611024 3.246943
 199.000000 18.039732 0.030994 0.619874 3.249248
 199.100000 17.931108 0.005709 0.114187 3.250725
 199.200000 17.909127 0.017804 0.356083 3.249185
 199.300000 17.971084 0.000013 0.000261 3.251675
 199.400000 17.886560 0.040536 0.810729 3.251637
 199.500000 17.994162 0.000933 0.018666 3.251964
 199.600000 17.984053 0.000001 0.000012 3.254034
 199.700000 17.934230 0.014618 0.292353 3.253482
 199.800000 18.029512 0.006961 0.139218 3.254532
 199.900000 17.942517 0.014356 0.287111 3.255206
 200.000000 17.986061 0.000971 0.019429 3.256074
